
PLINE 46947.2390272783,27783.821676609088 46947.2390272783,27873.652953105913 46947.2390272783,27873.652953105913 46848.06044228114,27783.821676609088 46848.06044228114,27783.821676609088 40567.10064491547,22094.825042520308 40567.10064491547,21552.11345905937 44917.10064491551,21552.11345905937 44917.10064491551,21552.11345905937 46947.2390272783,21552.11345905937 46947.2390272783,21552.11345905937 46947.2390272783,22375.528958295108 
 46947.2390272783,22375.528958295108 46947.2390272783,23975.497023216216 46947.2390272783,23975.497023216216 46947.2390272783,27783.821676609088 

PLINE 53317.10064491554,21552.11345905937 53767.10064491554,21552.11345905937 53767.10064491554,21552.11345905937 58417.100644915554,21552.11345905937 58417.100644915554,21552.11345905937 60142.100644915554,21552.11345905937 60142.100644915554,21552.11345905937 60142.100644915554,27783.821676609088 60142.100644915554,27783.821676609088 57217.10064491551,27783.821676609088 57217.10064491551,27783.821676609088 56467.10064491551,27783.821676609088 
 56467.10064491551,27783.821676609088 53908.27711550376,27783.821676609088 53908.27711550376,27783.821676609088 53175.92417432727,27783.821676609088 53175.92417432727,27783.821676609088 50617.100644915496,27783.821676609088 50617.100644915496,27783.821676609088 49867.10064491551,27783.821676609088 49867.10064491551,27783.821676609088 46947.2390272783,27783.821676609088 46947.2390272783,27783.821676609088 46947.2390272783,23975.497023216216 
 46947.2390272783,23975.497023216216 46947.2390272783,22375.528958295108 46947.2390272783,22375.528958295108 46947.2390272783,21552.11345905937 46947.2390272783,21552.11345905937 53317.10064491554,21552.11345905937 

PLINE 70417.10064491551,27783.821676609088 73307.08650603319,27783.821676609088 73316.91267499074,27783.821676609088 73316.91267499074,23667.420024762225 73316.91267499074,23667.420024762225 73316.91267499074,21552.11345905937 73316.91267499074,21552.11345905937 71617.10064491555,21552.11345905937 71617.10064491555,21552.11345905937 66742.1006449155,21552.11345905937 66742.1006449155,21552.11345905937 61867.10064491548,21552.11345905937 
 61867.10064491548,21552.11345905937 60142.100644915554,21552.11345905937 60142.100644915554,21552.11345905937 60142.100644915554,27783.821676609088 60142.100644915554,27783.821676609088 63067.100644915474,27783.821676609088 63067.100644915474,27783.821676609088 63817.10064491551,27783.821676609088 63817.10064491551,27783.821676609088 66375.92417432727,27783.821676609088 66375.92417432727,27783.821676609088 67108.27711550372,27783.821676609088 
 67108.27711550372,27783.821676609088 69667.10064491548,27783.821676609088 69667.10064491548,27783.821676609088 70417.10064491551,27783.821676609088 

PLINE 50263.65554829838,13146.896712049822 53536.6202962797,13146.896712049822 53536.6202962797,13146.896712049822 53536.6202962797,17531.4017197029 53536.6202962797,17531.4017197029 53536.6202962797,19329.273312551573 53536.6202962797,19329.273312551573 52142.10064491551,19329.273312551573 52142.10064491551,19329.273312551573 50254.16639212804,19329.273312551573 50254.16639212804,19329.273312551573 50254.16639212804,16265.152006493614 
 50254.16639212804,16265.152006493614 50254.16639212804,13378.958081420671 

PLINE 57292.10064491552,13146.896712049822 60142.0968126285,13146.896712049822 60142.0968126285,13146.896712049822 60142.0968126285,19329.273312551573 60142.0968126285,19329.273312551573 58117.100644915474,19329.273312551573 58117.100644915474,19329.273312551573 53536.6202962797,19329.273312551573 53536.6202962797,19329.273312551573 53536.6202962797,17531.4017197029 53536.6202962797,17531.4017197029 53536.6202962797,13146.896712049822 
 53536.6202962797,13146.896712049822 56392.10064491554,13146.896712049822 56392.10064491554,13146.896712049822 57292.10064491552,13146.896712049822 

PLINE 67072.98299785667,13146.896712049822 69592.10064491548,13146.896712049822 69592.10064491548,13146.896712049822 70492.10064491548,13146.896712049822 70492.10064491548,13146.896712049822 73011.21829197436,13146.896712049822 73011.21829197436,13146.896712049822 73672.98299785673,13146.896712049822 73672.98299785673,13146.896712049822 76192.10064491555,13146.896712049822 76192.10064491555,13146.896712049822 77092.10064491555,13146.896712049822 
 77092.10064491555,13146.896712049822 79611.21829197436,13146.896712049822 79611.21829197436,13146.896712049822 80272.98299785673,13146.896712049822 80272.98299785673,13146.896712049822 82792.10064491557,13146.896712049822 82792.10064491557,13146.896712049822 83692.10064491555,13146.896712049822 83692.10064491555,13146.896712049822 86517.2914846102,13146.896712049822 86517.2914846102,13146.896712049822 86517.2914846102,14483.772608359131 
 86517.2914846102,14483.772608359131 86517.2914846102,16891.03067287526 86517.2914846102,16891.03067287526 86517.2914846102,19329.273312551573 86517.2914846102,19329.273312551573 84817.10064491554,19329.273312551573 84817.10064491554,19329.273312551573 82456.38635920126,19329.273312551573 82456.38635920126,19329.273312551573 81627.81493062984,19329.273312551573 81627.81493062984,19329.273312551573 79930.98953380444,19329.273312551573 
 79930.98953380444,19329.273312551573 73567.10064491555,19329.273312551573 73117.10064491555,19329.273312551573 66967.1006449155,19329.273312551573 66517.1006449155,19329.273312551573 62167.100644915554,19329.273312551573 62167.100644915554,19329.273312551573 60142.0968126285,19329.273312551573 60142.0968126285,19329.273312551573 60142.0968126285,13146.896712049822 60142.0968126285,13146.896712049822 62992.10064491549,13146.896712049822 
 62992.10064491549,13146.896712049822 63892.10064491549,13146.896712049822 63892.10064491549,13146.896712049822 66411.2182919743,13146.896712049822 66411.2182919743,13146.896712049822 67072.98299785667,13146.896712049822 

PLINE 86517.2914846102,14483.772608359131 86642.10064491555,14483.772608359131 86642.10064491555,14483.772608359131 89749.11956270342,14483.772608359131 89749.11956270342,14483.772608359131 89749.11956270342,13241.03067287526 89749.11956270342,13146.896712049822 86517.2914846102,13146.896712049822 86517.2914846102,13146.896712049822 86517.2914846102,14483.772608359131 

PLINE 73316.91267499074,23667.420024762225 73442.10064491555,23667.420024762225 73442.10064491555,23667.420024762225 74038.99230944483,23667.420024762225 74038.99230944483,23667.420024762225 75250.52651102784,23667.420024762225 75250.52651102784,23667.420024762225 75250.52651102784,21552.11345905937 75250.52651102784,21552.11345905937 73316.91267499074,21552.11345905937 73316.91267499074,21552.11345905937 73316.91267499074,23667.420024762225 
 

PLINE 79842.3276024018,23667.420024762225 79963.58353818154,23667.420024762225 79963.58353818154,23667.420024762225 79963.58353818154,21551.341746503345 79963.58353818154,21551.341746503345 78032.87331326652,21551.341746503345 78032.87331326652,21551.341746503345 78032.87331326652,23667.420024762225 78032.87331326652,23667.420024762225 79143.18731389608,23667.420024762225 79143.18731389608,23667.420024762225 79842.3276024018,23667.420024762225 
 

PLINE 41842.98230835882,11641.02678614759 41934.11368117231,11541.029835178495 41842.10064491554,11541.029835178495 41750.638541551736,11541.029835178495 41750.638541551736,11541.029835178495 40367.10064491554,13041.03067287526 40367.10064491554,13041.03067287526 40567.10064491547,13041.03067287526 40567.10064491546,13041.03067287526 41842.98230835882,11641.02678614759 

PLINE 102852.47674104814,27784.53718097245 102941.75222291035,27691.03067287527 102941.75222291035,27691.03067287527 103498.87870189997,27107.50034033443 103498.87870189997,27107.50034033443 104291.46115705602,26277.35508415848 104291.46115705602,26277.35508415848 105836.52152256218,27784.53718097245 105836.52152256218,27784.53718097245 102852.47674104814,27784.53718097245 

PLINE 79863.83788902703,27889.19740163092 79963.58353818154,27796.312514845034 79963.58353818154,27784.53718097245 79963.58353818154,23667.420024762225 79842.3276024018,23667.420024762225 79143.18731389608,23667.420024762225 79143.18731389608,23667.420024762225 78032.87331326652,23667.420024762225 78032.87331326652,23667.420024762225 76637.15930918374,23667.420024762225 76637.15930918374,23667.420024762225 76637.15930918374,28866.03067287527 
 76637.15930918374,28970.466576628434 78702.70285939056,28970.466576628434 78702.70285939056,28970.466576628434 79863.83788902703,27889.19740163092 

PLINE 79963.58353818154,27796.312514845034 79976.22863429756,27784.53718097245 79976.22863429756,27784.53718097245 82867.10064491557,27784.53718097245 82867.10064491557,27784.53718097245 83617.10064491555,27784.53718097245 83617.10064491555,27784.53718097245 86549.69845663621,27784.53718097245 86549.69845663621,27784.53718097245 86549.69845663621,21551.341746503345 86549.69845663621,21551.341746503345 81663.9057911202,21551.341746503345 
 81663.9057911202,21551.341746503345 79963.58353818154,21551.341746503345 79963.58353818154,21551.341746503345 79963.58353818154,23667.420024762225 79963.58353818154,23667.420024762225 79963.58353818154,27784.53718097245 

PLINE 48842.10064491551,11441.03363893233 48925.43094576644,11541.029835178495 48925.43094576644,11541.029835178495 50175.43370361346,13041.03067287526 50254.16639212804,13378.958081420671 50254.16639212804,16265.152006493614 50132.4071583804,16265.152006493614 48332.407158380396,16265.152006493614 48332.407158380396,16265.152006493614 40442.10064491553,16265.152006493614 40333.558488201576,16265.152006493614 40333.558488201576,13491.03067287526 
 40367.10064491554,13041.03067287526 41750.638541551736,11541.029835178495 41934.11368117231,11541.029835178495 48760.85331961952,11541.029835178495 

PLINE 50175.43370361346,13041.03067287526 50254.16639212804,13135.509743408991 50254.16639212804,13135.509743408991 50254.16639212804,13041.030672875258 50175.43370361346,13041.03067287526 48925.43094576644,11541.029835178495 48842.10064491552,11641.02678614759 50065.61698753934,13146.896712049822 

PLINE 99446.67437893548,21551.341746503345 99504.37874588092,21607.63144929414 99852.10064491554,21551.341746503345 99852.10064491554,17766.20549805008 99852.10064491554,17766.20549805008 93040.74539693398,17766.20549805008 93040.74539693398,17766.20549805008 93040.74539693398,15941.03067287526 93040.74539693398,15941.03067287526 93040.74539693398,13146.896712049822 92947.86363541792,13146.896712049822 90517.10064491452,13146.896712049822 
 90517.10064491452,13146.896712049822 89749.11956270342,13146.896712049822 89749.11956270342,13241.03067287526 89749.11956270342,14483.772608359131 89749.11956270342,14483.772608359131 86642.10064491555,14483.772608359131 86517.2914846102,14483.772608359131 86517.2914846102,16891.03067287526 86517.2914846102,16891.03067287526 86517.2914846102,19329.273312551573 86517.2914846102,19329.273312551573 89748.8883278594,19329.273312551573 
 89748.8883278594,19329.273312551573 89748.8883278594,21444.74042677741 89748.8883278594,21551.341746503345 92917.10064491557,21551.341746503345 93367.10064491557,21551.341746503345 99446.67437893548,21551.341746503345 

PLINE 99852.10064491554,21946.828695301694 104291.46115705602,26277.35508415848 104291.46115705602,26277.35508415848 103498.87870189997,27107.50034033443 103498.87870189997,27107.50034033443 102941.75222291035,27691.03067287527 102852.47674104814,27784.53718097245 99967.10064491558,27784.53718097245 99967.10064491558,27784.53718097245 99402.3859179536,27784.53718097245 99402.3859179536,27784.53718097245 96816.34987273213,27784.53718097245 
 96816.34987273213,27784.53718097245 96067.10064491555,27784.53718097245 96067.10064491555,27784.53718097245 93508.27711550379,27784.53718097245 93508.27711550379,27784.53718097245 92775.92417432733,27784.53718097245 92775.92417432733,27784.53718097245 90217.10064491555,27784.53718097245 90217.10064491555,27784.53718097245 89467.10064491555,27784.53718097245 89467.10064491555,27784.53718097245 86549.69845663621,27784.53718097245 
 86549.69845663621,27784.53718097245 86549.69845663621,21551.341746503345 86549.69845663621,21551.341746503345 88269.597351175,21551.341746503345 88269.597351175,21551.341746503345 89748.8883278594,21551.341746503345 89748.8883278594,21551.341746503345 92917.10064491557,21551.341746503345 93367.10064491557,21551.341746503345 99446.67437893548,21551.341746503345 99504.37874588092,21607.63144929414 99852.10064491554,21946.828695301694 
 

PLINE 99814.97902413968,13041.03067287526 99852.10064491554,13073.413363339307 99852.10064491554,13491.03067287526 99852.10064491554,14266.03067287526 99852.10064491554,14266.03067287526 99852.10064491554,16666.03067287526 99852.10064491554,16666.03067287526 99852.10064491554,17766.20549805008 99852.10064491554,17766.20549805008 93040.74539693398,17766.20549805008 93040.74539693398,17766.20549805008 93040.74539693398,15941.03067287526 
 93040.74539693398,15941.03067287526 93040.74539693398,13146.896712049822 93069.2222656912,13041.03067287526 96442.10064491558,10098.732512275368 96442.10064491558,10098.732512275368 99814.97902413968,13041.03067287526 

PLINE 73316.91267499074,27792.938028651006 73420.07049916717,27888.64399962836 73420.07049916717,27888.64399962836 74586.12588786034,28970.466576628434 74586.12588786034,28970.466576628434 76637.15930918374,28970.466576628434 76637.15930918374,28866.03067287527 76637.15930918374,23667.420024762225 76637.15930918374,23667.420024762225 75250.52651102784,23667.420024762225 75250.52651102784,23667.420024762225 74038.99230944483,23667.420024762225 
 74038.99230944483,23667.420024762225 73442.10064491555,23667.420024762225 73316.91267499074,23667.420024762225 73316.91267499074,27783.821676609088 
