PLINE 99967.10064491558,27441.03067287527 99967.10064491558,27784.53718097245 
PLINE 99967.10064491558,27784.53718097245 99967.10064491558,27891.03067287527 
PLINE 99402.3859179536,27441.03067287527 99402.3859179536,27784.53718097245 
PLINE 99402.3859179536,27784.53718097245 99402.3859179536,27891.03067287528 
PLINE 93508.27711550379,27441.03067287527 93508.27711550379,27784.53718097245 
PLINE 93508.27711550379,27784.53718097245 93508.27711550379,27891.03067287528 
PLINE 92775.92417432733,27441.03067287527 92775.92417432733,27784.53718097245 
PLINE 92775.92417432733,27784.53718097245 92775.92417432733,27891.03067287528 
PLINE 93367.10064491557,21441.03067287527 93367.10064491557,21551.341746503345 
PLINE 93367.10064491557,21551.341746503345 93367.10064491557,21891.03067287527 
PLINE 92917.10064491557,21441.03067287527 92917.10064491557,21551.341746503345 
PLINE 92917.10064491557,21551.341746503345 92917.10064491557,21891.03067287527 
PLINE 86549.69845663621,21441.03067287527 86549.69845663621,21551.341746503345 
PLINE 86549.69845663621,21551.341746503345 86549.69845663621,27784.53718097245 
PLINE 86549.69845663621,27784.53718097245 86549.69845663621,27891.03067287528 
PLINE 53908.27711550376,27441.03067287527 53908.27711550376,27783.821676609088 
PLINE 53908.27711550376,27783.821676609088 53908.27711550376,27891.03067287528 
PLINE 53175.92417432727,27441.03067287527 53175.92417432727,27783.821676609088 
PLINE 53175.92417432727,27783.821676609088 53175.92417432727,27891.03067287528 
PLINE 60142.100644915554,21441.03067287522 60142.100644915554,21552.11345905937 
PLINE 60142.100644915554,21552.11345905937 60142.100644915554,27783.821676609088 
PLINE 60142.100644915554,27783.821676609088 60142.100644915554,27891.03067287528 
PLINE 40567.10064491547,21441.03067287527 40567.10064491547,21552.11345905937 
PLINE 40567.10064491547,21552.11345905937 40567.10064491547,21891.03067287527 
PLINE 40567.10064491547,21891.03067287527 40567.10064491547,22094.825042520308 
PLINE 40117.10064491547,21441.03067287527 40117.10064491547,21552.11345905937 
PLINE 40117.10064491547,21552.11345905937 40117.10064491547,21687.236303230224 
PLINE 40117.10064491547,21687.236303230224 40117.10064491547,21891.03067287527 
PLINE 40333.558488201576,13041.03067287526 40333.558488201576,13041.03067287526 
PLINE 40333.558488201576,13041.03067287526 40333.558488201576,13077.396328844232 
PLINE 40333.558488201576,13077.396328844232 40333.558488201576,13297.292626065966 
PLINE 40333.558488201576,13297.292626065966 40333.558488201576,13491.03067287526 
PLINE 40333.558488201576,13491.03067287526 40333.558488201576,16265.152006493614 
PLINE 40333.558488201576,16265.152006493614 40333.558488201576,19370.242630856465 
PLINE 40333.558488201576,19370.242630856465 40333.558488201576,19491.03067287526 
PLINE 47167.10064491554,19041.03067287526 47167.10064491554,19370.242630856465 
PLINE 47167.10064491554,19370.242630856465 47167.10064491554,19491.03067287526 
PLINE 46717.10064491554,19041.03067287526 46717.10064491554,19370.242630856465 
PLINE 46717.10064491554,19370.242630856465 46717.10064491554,19491.03067287526 
PLINE 46947.2390272783,21441.03067287522 46947.2390272783,21552.11345905937 
PLINE 46947.2390272783,21552.11345905937 46947.2390272783,22375.528958295108 
PLINE 46947.2390272783,22375.528958295108 46947.2390272783,23975.497023216216 
PLINE 46947.2390272783,23975.497023216216 46947.2390272783,27783.821676609088 
PLINE 46947.2390272783,27783.821676609088 46947.2390272783,27873.652953105913 
PLINE 46947.2390272783,27873.652953105913 46947.2390272783,27891.03067287528 
PLINE 53767.10064491554,21441.03067287527 53767.10064491554,21552.11345905937 
PLINE 53767.10064491554,21552.11345905937 53767.10064491554,21891.03067287527 
PLINE 53317.10064491554,21441.03067287527 53317.10064491554,21552.11345905937 
PLINE 53317.10064491554,21552.11345905937 53317.10064491554,21891.03067287527 
PLINE 47167.10064491554,13041.03067287526 47167.10064491554,13041.03067287526 
PLINE 47167.10064491554,13041.03067287526 47167.10064491554,13491.03067287526 
PLINE 47167.10064491554,13491.03067287526 47167.10064491554,13491.03067287526 
PLINE 46717.10064491554,13041.03067287526 46717.10064491554,13041.03067287526 
PLINE 46717.10064491554,13041.03067287526 46717.10064491554,13491.03067287526 
PLINE 46717.10064491554,13491.03067287526 46717.10064491554,13491.03067287526 
PLINE 53536.6202962797,13041.030672875258 53536.6202962797,13146.896712049822 
PLINE 53536.6202962797,13146.896712049822 53536.6202962797,17531.4017197029 
PLINE 53536.6202962797,17531.4017197029 53536.6202962797,19329.273312551573 
PLINE 53536.6202962797,19329.273312551573 53536.6202962797,19491.03067287526 
PLINE 60142.0968126285,13041.030672875258 60142.0968126285,13146.896712049822 
PLINE 60142.0968126285,13146.896712049822 60142.0968126285,19329.273312551573 
PLINE 60142.0968126285,19329.273312551573 60142.0968126285,19491.0790370078 
PLINE 80272.98299785673,13041.030672875258 80272.98299785673,13146.896712049822 
PLINE 80272.98299785673,13146.896712049822 80272.98299785673,13491.03067287526 
PLINE 79611.21829197436,13041.030672875258 79611.21829197436,13146.896712049822 
PLINE 79611.21829197436,13146.896712049822 79611.21829197436,13491.03067287526 
PLINE 73672.98299785673,13041.030672875258 73672.98299785673,13146.896712049822 
PLINE 73672.98299785673,13146.896712049822 73672.98299785673,13491.03067287526 
PLINE 73011.21829197436,13041.030672875258 73011.21829197436,13146.896712049822 
PLINE 73011.21829197436,13146.896712049822 73011.21829197436,13491.03067287526 
PLINE 67072.98299785667,13041.030672875258 67072.98299785667,13146.896712049822 
PLINE 67072.98299785667,13146.896712049822 67072.98299785667,13491.03067287526 
PLINE 66411.2182919743,13041.030672875258 66411.2182919743,13146.896712049822 
PLINE 66411.2182919743,13146.896712049822 66411.2182919743,13491.03067287526 
PLINE 67108.27711550372,27441.03067287527 67108.27711550372,27783.821676609088 
PLINE 67108.27711550372,27783.821676609088 67108.27711550372,27891.03067287528 
PLINE 66375.92417432727,27441.03067287527 66375.92417432727,27783.821676609088 
PLINE 66375.92417432727,27783.821676609088 66375.92417432727,27891.03067287528 
PLINE 66742.1006449155,21441.03067287527 66742.1006449155,21552.11345905937 
PLINE 66742.1006449155,21552.11345905937 66742.1006449155,21891.03067287527 
PLINE 66967.1006449155,19041.03067287526 66967.1006449155,19329.273312551573 
PLINE 66967.1006449155,19329.273312551573 66967.1006449155,19491.03067287526 
PLINE 66517.1006449155,19041.03067287526 66517.1006449155,19329.273312551573 
PLINE 66517.1006449155,19329.273312551573 66517.1006449155,19491.03067287526 
PLINE 73567.10064491555,19041.03067287526 73567.10064491555,19329.273312551573 
PLINE 73567.10064491555,19329.273312551573 73567.10064491555,19491.03067287526 
PLINE 73117.10064491555,19041.03067287526 73117.10064491555,19329.273312551573 
PLINE 73117.10064491555,19329.273312551573 73117.10064491555,19491.03067287526 
PLINE 73316.91267499074,21441.03067287522 73316.91267499074,21552.11345905937 
PLINE 73316.91267499074,21552.11345905937 73316.91267499074,23667.420024762225 
PLINE 73316.91267499074,23667.420024762225 73316.91267499074,27783.821676609088 
PLINE 73316.91267499074,27783.821676609088 73316.91267499074,27792.938028651006 
PLINE 73316.91267499074,27792.938028651006 73316.91267499074,27891.03067287528 
PLINE 79963.58353818154,21441.03067287527 79963.58353818154,21551.341746503345 
PLINE 79963.58353818154,21551.341746503345 79963.58353818154,23667.420024762225 
PLINE 79963.58353818154,23667.420024762225 79963.58353818154,27784.53718097245 
PLINE 79963.58353818154,27784.53718097245 79963.58353818154,27796.312514845034 
PLINE 79963.58353818154,27796.312514845034 79963.58353818154,27891.03067287528 
PLINE 79930.98953380444,18491.03067287526 79930.98953380444,19329.273312551573 
PLINE 79930.98953380444,19329.273312551573 79930.98953380444,19491.03067287526 
PLINE 99852.10064491554,13041.03067287526 99852.10064491554,13041.03067287526 
PLINE 99852.10064491554,13041.03067287526 99852.10064491554,13073.413363339307 
PLINE 99852.10064491554,13073.413363339307 99852.10064491554,13491.03067287526 
PLINE 99852.10064491554,13491.03067287526 99852.10064491554,14266.03067287526 
PLINE 99852.10064491554,14266.03067287526 99852.10064491554,16666.03067287526 
PLINE 99852.10064491554,16666.03067287526 99852.10064491554,17766.20549805008 
PLINE 99852.10064491554,17766.20549805008 99852.10064491554,21551.341746503345 
PLINE 99852.10064491554,21551.341746503345 99852.10064491554,21891.03067287527 
PLINE 99852.10064491554,21891.03067287527 99852.10064491554,21946.828695301694 
PLINE 86517.2914846102,13041.030672875258 86517.2914846102,13146.896712049822 
PLINE 86517.2914846102,13146.896712049822 86517.2914846102,14483.772608359131 
PLINE 86517.2914846102,14483.772608359131 86517.2914846102,16891.03067287526 
PLINE 86517.2914846102,16891.03067287526 86517.2914846102,19329.273312551573 
PLINE 86517.2914846102,19329.273312551573 86517.2914846102,19491.03067287526 
PLINE 44917.10064491551,21441.03067287522 44917.10064491551,21552.11345905937 
PLINE 44917.10064491551,21552.11345905937 44917.10064491551,21641.03067287522 
PLINE 61867.10064491548,21441.03067287522 61867.10064491548,21552.11345905937 
PLINE 61867.10064491548,21552.11345905937 61867.10064491548,21641.03067287523 
PLINE 58117.100644915474,19291.03067287526 58117.100644915474,19329.273312551573 
PLINE 58117.100644915474,19329.273312551573 58117.100644915474,19491.03067287526 
PLINE 62167.100644915554,19291.03067287526 62167.100644915554,19329.273312551573 
PLINE 62167.100644915554,19329.273312551573 62167.100644915554,19491.03067287526 
PLINE 83692.10064491555,13041.030672875258 83692.10064491555,13146.896712049822 
PLINE 83692.10064491555,13146.896712049822 83692.10064491555,13241.030672875262 
PLINE 77092.10064491555,13041.030672875258 77092.10064491555,13146.896712049822 
PLINE 77092.10064491555,13146.896712049822 77092.10064491555,13241.030672875262 
PLINE 70492.10064491548,13041.030672875258 70492.10064491548,13146.896712049822 
PLINE 70492.10064491548,13146.896712049822 70492.10064491548,13241.030672875262 
PLINE 62992.10064491549,13041.030672875258 62992.10064491549,13146.896712049822 
PLINE 62992.10064491549,13146.896712049822 62992.10064491549,13241.03067287526 
PLINE 63892.10064491549,13041.030672875258 63892.10064491549,13146.896712049822 
PLINE 63892.10064491549,13146.896712049822 63892.10064491549,13241.030672875262 
PLINE 56392.10064491554,13041.030672875258 56392.10064491554,13146.896712049822 
PLINE 56392.10064491554,13146.896712049822 56392.10064491554,13241.03067287526 
PLINE 57292.10064491552,13041.030672875258 57292.10064491552,13146.896712049822 
PLINE 57292.10064491552,13146.896712049822 57292.10064491552,13241.030672875262 
PLINE 50254.16639212804,13041.030672875258 50254.16639212804,13135.509743408991 
PLINE 50254.16639212804,13135.509743408991 50254.16639212804,13146.896712049822 
PLINE 50254.16639212804,13146.896712049822 50254.16639212804,13378.958081420671 
PLINE 50254.16639212804,13378.958081420671 50254.16639212804,16265.152006493614 
PLINE 50254.16639212804,16265.152006493614 50254.16639212804,19329.273312551573 
PLINE 50254.16639212804,19329.273312551573 50254.16639212804,19491.03067287526 
PLINE 50617.100644915496,27691.03067287527 50617.100644915496,27783.821676609088 
PLINE 50617.100644915496,27783.821676609088 50617.100644915496,27891.03067287528 
PLINE 49867.10064491551,27691.03067287527 49867.10064491551,27783.821676609088 
PLINE 49867.10064491551,27783.821676609088 49867.10064491551,27891.03067287528 
PLINE 56467.10064491551,27691.03067287527 56467.10064491551,27783.821676609088 
PLINE 56467.10064491551,27783.821676609088 56467.10064491551,27891.03067287528 
PLINE 63067.100644915474,27691.03067287527 63067.100644915474,27783.821676609088 
PLINE 63067.100644915474,27783.821676609088 63067.100644915474,27891.03067287528 
PLINE 69667.10064491548,27691.03067287527 69667.10064491548,27783.821676609088 
PLINE 69667.10064491548,27783.821676609088 69667.10064491548,27891.03067287528 
PLINE 90217.10064491555,27691.03067287527 90217.10064491555,27784.53718097245 
PLINE 90217.10064491555,27784.53718097245 90217.10064491555,27891.03067287528 
PLINE 89467.10064491555,27691.03067287527 89467.10064491555,27784.53718097245 
PLINE 89467.10064491555,27784.53718097245 89467.10064491555,27891.03067287528 
PLINE 96816.34987273213,27691.03067287527 96816.34987273213,27784.53718097245 
PLINE 96816.34987273213,27784.53718097245 96816.34987273213,27891.03067287528 
PLINE 96067.10064491555,27691.03067287527 96067.10064491555,27784.53718097245 
PLINE 96067.10064491555,27784.53718097245 96067.10064491555,27891.03067287528 
PLINE 52142.10064491551,19291.03067287526 52142.10064491551,19329.273312551573 
PLINE 52142.10064491551,19329.273312551573 52142.10064491551,19491.03067287526 
PLINE 71617.10064491555,21441.03067287522 71617.10064491555,21552.11345905937 
PLINE 71617.10064491555,21552.11345905937 71617.10064491555,21641.03067287523 
PLINE 69592.10064491548,13041.030672875258 69592.10064491548,13146.896712049822 
PLINE 69592.10064491548,13146.896712049822 69592.10064491548,13241.03067287526 
PLINE 70417.10064491551,27691.03067287527 70417.10064491551,27783.821676609088 
PLINE 70417.10064491551,27783.821676609088 70417.10064491551,27891.03067287528 
PLINE 58417.100644915554,21441.03067287522 58417.100644915554,21552.11345905937 
PLINE 58417.100644915554,21552.11345905937 58417.100644915554,21641.03067287522 
PLINE 57217.10064491551,27691.03067287527 57217.10064491551,27783.821676609088 
PLINE 57217.10064491551,27783.821676609088 57217.10064491551,27891.03067287528 
PLINE 63817.10064491551,27691.03067287527 63817.10064491551,27783.821676609088 
PLINE 63817.10064491551,27783.821676609088 63817.10064491551,27891.03067287528 
PLINE NaN,21441.03067287522 NaN,21441.03067287522 
PLINE 84817.10064491554,19291.03067287526 84817.10064491554,19329.273312551573 
PLINE 84817.10064491554,19329.273312551573 84817.10064491554,19491.03067287526 
PLINE 82792.10064491557,13041.030672875258 82792.10064491557,13146.896712049822 
PLINE 82792.10064491557,13146.896712049822 82792.10064491557,13241.03067287526 
PLINE 76192.10064491555,13041.030672875258 76192.10064491555,13146.896712049822 
PLINE 76192.10064491555,13146.896712049822 76192.10064491555,13241.03067287526 
PLINE 83617.10064491555,27691.03067287527 83617.10064491555,27784.53718097245 
PLINE 83617.10064491555,27784.53718097245 83617.10064491555,27891.03067287528 
PLINE 93040.74539693398,13041.030672875251 93040.74539693398,13065.872196684752 
PLINE 93040.74539693398,13065.872196684752 93040.74539693398,13146.896712049822 
PLINE 93040.74539693398,13146.896712049822 93040.74539693398,15941.03067287526 
PLINE 93040.74539693398,15941.03067287526 93040.74539693398,17766.20549805008 
PLINE 93040.74539693398,17766.20549805008 93040.74539693398,17891.03067287526 
PLINE 90517.10064491452,13041.03067287526 90517.10064491452,13146.896712049822 
PLINE 90517.10064491452,13146.896712049822 90517.10064491452,13241.03067287527 
PLINE 89749.11956270342,13146.896712049822 89749.11956270342,13241.03067287526 
PLINE 89749.11956270342,13241.03067287526 89749.11956270342,14483.772608359131 
PLINE 89749.11956270342,14483.772608359131 89749.11956270342,15191.03067287525 
PLINE 89749.11956270342,15191.03067287525 89749.11956270342,15191.03067287525 
PLINE 89748.8883278594,18689.21501722377 89748.8883278594,18689.21501722377 
PLINE 89748.8883278594,18689.21501722377 89748.8883278594,19329.273312551573 
PLINE 89748.8883278594,19329.273312551573 89748.8883278594,21444.74042677741 
PLINE 89748.8883278594,21444.74042677741 89748.8883278594,21551.341746503345 
PLINE 89753.17245882582,16391.03067287526 89753.17245882582,16391.03067287526 
PLINE 89753.17245882582,16391.03067287526 89753.17245882582,16891.03067287526 
PLINE 89753.17245882582,16891.03067287526 89753.17245882582,17394.2250438303 
PLINE 89753.17245882582,17394.2250438303 89753.17245882582,17394.2250438303 
PLINE 81627.81493062984,18691.03067287526 81627.81493062984,19329.273312551573 
PLINE 81627.81493062984,19329.273312551573 81627.81493062984,19491.03067287526 
PLINE 82456.38635920126,18491.03067287526 82456.38635920126,19291.03067287526 
PLINE 82456.38635920126,19291.03067287526 82456.38635920126,19329.273312551573 
PLINE 82867.10064491557,27691.03067287527 82867.10064491557,27784.53718097245 
PLINE 82867.10064491557,27784.53718097245 82867.10064491557,27891.03067287528 
PLINE 76637.15930918374,23566.03067287527 76637.15930918374,23667.420024762225 
PLINE 76637.15930918374,23667.420024762225 76637.15930918374,28866.03067287527 
PLINE 76637.15930918374,28866.03067287527 76637.15930918374,28970.466576628434 
PLINE 79143.18731389608,23562.95884548106 79143.18731389608,23667.420024762225 
PLINE 79143.18731389608,23667.420024762225 79143.18731389608,23762.95833038339 
PLINE 78032.87331326652,21442.95485107964 78032.87331326652,21551.341746503345 
PLINE 78032.87331326652,21551.341746503345 78032.87331326652,23667.420024762225 
PLINE 78032.87331326652,23667.420024762225 78032.87331326652,23766.03067287527 
PLINE 74038.99230944483,23566.03067287527 74038.99230944483,23667.420024762225 
PLINE 74038.99230944483,23667.420024762225 74038.99230944483,23766.03067287527 
PLINE 75250.52651102784,21441.03067287527 75250.52651102784,21552.11345905937 
PLINE 75250.52651102784,21552.11345905937 75250.52651102784,23667.420024762225 
PLINE 75250.52651102784,23667.420024762225 75250.52651102784,23766.03067287527 
PLINE 48332.407158380396,16158.42896962149 48332.407158380396,16265.152006493614 
PLINE 48332.407158380396,16265.152006493614 48332.407158380396,16358.42896962149 
PLINE 88269.597351175,21446.7665851051 88269.597351175,21551.341746503345 
PLINE 88269.597351175,21551.341746503345 88269.597351175,21646.76658510512 
PLINE 81663.9057911202,21442.60631895114 81663.9057911202,21551.341746503345 
PLINE 81663.9057911202,21551.341746503345 81663.9057911202,21642.60631895116 
PLINE 41750.638541551736,11541.029835178495 41842.10064491554,11541.029835178495 
PLINE 41842.10064491554,11541.029835178495 41934.11368117231,11541.029835178495 
PLINE 41934.11368117231,11541.029835178495 48760.85331961952,11541.029835178495 
PLINE 48760.85331961952,11541.029835178495 48842.10064491552,11541.029835178495 
PLINE 48842.10064491552,11541.029835178495 48925.43094576644,11541.029835178495 
PLINE 99517.10064491558,13041.03067287526 99814.97902413968,13041.03067287526 
PLINE 99814.97902413968,13041.03067287526 99852.10064491554,13041.03067287526 
PLINE 99852.10064491554,13041.03067287526 99967.10064491558,13041.03067287526 
PLINE 99517.10064491558,13491.03067287526 99852.10064491554,13491.03067287526 
PLINE 99852.10064491554,13491.03067287526 99967.10064491558,13491.03067287526 
PLINE 77939.85292700912,21551.341746503345 78032.87331326652,21551.341746503345 
PLINE 78032.87331326652,21551.341746503345 79963.58353818154,21551.341746503345 
PLINE 79963.58353818154,21551.341746503345 81663.9057911202,21551.341746503345 
PLINE 81663.9057911202,21551.341746503345 86549.69845663621,21551.341746503345 
PLINE 86549.69845663621,21551.341746503345 88269.597351175,21551.341746503345 
PLINE 88269.597351175,21551.341746503345 89748.8883278594,21551.341746503345 
PLINE 89748.8883278594,21551.341746503345 92917.10064491557,21551.341746503345 
PLINE 92917.10064491557,21551.341746503345 93367.10064491557,21551.341746503345 
PLINE 93367.10064491557,21551.341746503345 99446.67437893548,21551.341746503345 
PLINE 99446.67437893548,21551.341746503345 99852.10064491554,21551.341746503345 
PLINE 99852.10064491554,21551.341746503345 99967.10064491558,21551.341746503345 
PLINE 40117.10064491547,21552.11345905937 40117.10064491547,21552.11345905937 
PLINE 40117.10064491547,21552.11345905937 40567.10064491547,21552.11345905937 
PLINE 40567.10064491547,21552.11345905937 44917.10064491551,21552.11345905937 
PLINE 44917.10064491551,21552.11345905937 46947.2390272783,21552.11345905937 
PLINE 46947.2390272783,21552.11345905937 53317.10064491554,21552.11345905937 
PLINE 53317.10064491554,21552.11345905937 53767.10064491554,21552.11345905937 
PLINE 53767.10064491554,21552.11345905937 58417.100644915554,21552.11345905937 
PLINE 58417.100644915554,21552.11345905937 60142.100644915554,21552.11345905937 
PLINE 60142.100644915554,21552.11345905937 61867.10064491548,21552.11345905937 
PLINE 61867.10064491548,21552.11345905937 66742.1006449155,21552.11345905937 
PLINE 66742.1006449155,21552.11345905937 71617.10064491555,21552.11345905937 
PLINE 71617.10064491555,21552.11345905937 73316.91267499074,21552.11345905937 
PLINE 73316.91267499074,21552.11345905937 75250.52651102784,21552.11345905937 
PLINE 75250.52651102784,21552.11345905937 75351.28540908273,21552.11345905937 
PLINE 40117.10064491547,13041.03067287526 40333.558488201576,13041.03067287526 
PLINE 40333.558488201576,13041.03067287526 40367.10064491554,13041.03067287526 
PLINE 40367.10064491554,13041.03067287526 40567.10064491547,13041.03067287526 
PLINE 40567.10064491547,13041.03067287526 40567.10064491546,13041.03067287526 
PLINE 40117.10064491547,13491.03067287526 40333.558488201576,13491.03067287526 
PLINE 40333.558488201576,13491.03067287526 40567.10064491547,13491.03067287526 
PLINE 40117.10064491547,19370.242630856465 40333.558488201576,19370.242630856465 
PLINE 40333.558488201576,19370.242630856465 46717.10064491554,19370.242630856465 
PLINE 46717.10064491554,19370.242630856465 47167.10064491555,19370.242630856465 
PLINE 47167.10064491555,19370.242630856465 47167.10064491554,19370.242630856465 
PLINE 46717.10064491555,13041.03067287526 46717.10064491554,13041.03067287526 
PLINE 46717.10064491554,13041.03067287526 47167.10064491555,13041.03067287526 
PLINE 47167.10064491555,13041.03067287526 47167.10064491554,13041.03067287526 
PLINE 46717.10064491555,13491.03067287526 46717.10064491554,13491.03067287526 
PLINE 46717.10064491554,13491.03067287526 47167.10064491555,13491.03067287526 
PLINE 47167.10064491555,13491.03067287526 47167.10064491554,13491.03067287526 
PLINE 50142.10064491554,19329.273312551573 50254.16639212804,19329.273312551573 
PLINE 50254.16639212804,19329.273312551573 52142.10064491551,19329.273312551573 
PLINE 52142.10064491551,19329.273312551573 53536.6202962797,19329.273312551573 
PLINE 53536.6202962797,19329.273312551573 58117.100644915474,19329.273312551573 
PLINE 58117.100644915474,19329.273312551573 60142.0968126285,19329.273312551573 
PLINE 60142.0968126285,19329.273312551573 62167.100644915554,19329.273312551573 
PLINE 62167.100644915554,19329.273312551573 66517.1006449155,19329.273312551573 
PLINE 66517.1006449155,19329.273312551573 66967.1006449155,19329.273312551573 
PLINE 66967.1006449155,19329.273312551573 73117.10064491555,19329.273312551573 
PLINE 73117.10064491555,19329.273312551573 73567.10064491555,19329.273312551573 
PLINE 73567.10064491555,19329.273312551573 79930.98953380444,19329.273312551573 
PLINE 79930.98953380444,19329.273312551573 81627.81493062984,19329.273312551573 
PLINE 81627.81493062984,19329.273312551573 82456.38635920126,19329.273312551573 
PLINE 82456.38635920126,19329.273312551573 84817.10064491554,19329.273312551573 
PLINE 84817.10064491554,19329.273312551573 86517.2914846102,19329.273312551573 
PLINE 86517.2914846102,19329.273312551573 89748.8883278594,19329.273312551573 
PLINE 89748.8883278594,19329.273312551573 89842.27515764537,19329.273312551573 
PLINE 79717.10064491555,27784.53718097245 79963.58353818154,27784.53718097245 
PLINE 79963.58353818154,27784.53718097245 79976.22863429756,27784.53718097245 
PLINE 79976.22863429756,27784.53718097245 82867.10064491557,27784.53718097245 
PLINE 82867.10064491557,27784.53718097245 83617.10064491555,27784.53718097245 
PLINE 83617.10064491555,27784.53718097245 86549.69845663621,27784.53718097245 
PLINE 86549.69845663621,27784.53718097245 89467.10064491555,27784.53718097245 
PLINE 89467.10064491555,27784.53718097245 90217.10064491555,27784.53718097245 
PLINE 90217.10064491555,27784.53718097245 92775.92417432733,27784.53718097245 
PLINE 92775.92417432733,27784.53718097245 93508.27711550379,27784.53718097245 
PLINE 93508.27711550379,27784.53718097245 96067.10064491555,27784.53718097245 
PLINE 96067.10064491555,27784.53718097245 96816.34987273213,27784.53718097245 
PLINE 96816.34987273213,27784.53718097245 99402.3859179536,27784.53718097245 
PLINE 99402.3859179536,27784.53718097245 99967.10064491558,27784.53718097245 
PLINE 99967.10064491558,27784.53718097245 102852.47674104814,27784.53718097245 
PLINE 102852.47674104814,27784.53718097245 105836.52152256218,27784.53718097245 
PLINE 105836.52152256218,27784.53718097245 106268.538045163,27784.53718097245 
PLINE 46717.10064491555,27783.821676609088 46848.06044228114,27783.821676609088 
PLINE 46848.06044228114,27783.821676609088 46947.2390272783,27783.821676609088 
PLINE 46947.2390272783,27783.821676609088 49867.10064491551,27783.821676609088 
PLINE 49867.10064491551,27783.821676609088 50617.100644915496,27783.821676609088 
PLINE 50617.100644915496,27783.821676609088 53175.92417432727,27783.821676609088 
PLINE 53175.92417432727,27783.821676609088 53908.27711550376,27783.821676609088 
PLINE 53908.27711550376,27783.821676609088 56467.10064491551,27783.821676609088 
PLINE 56467.10064491551,27783.821676609088 57217.10064491551,27783.821676609088 
PLINE 57217.10064491551,27783.821676609088 60142.100644915554,27783.821676609088 
PLINE 60142.100644915554,27783.821676609088 63067.100644915474,27783.821676609088 
PLINE 63067.100644915474,27783.821676609088 63817.10064491551,27783.821676609088 
PLINE 63817.10064491551,27783.821676609088 66375.92417432727,27783.821676609088 
PLINE 66375.92417432727,27783.821676609088 67108.27711550372,27783.821676609088 
PLINE 67108.27711550372,27783.821676609088 69667.10064491548,27783.821676609088 
PLINE 69667.10064491548,27783.821676609088 70417.10064491551,27783.821676609088 
PLINE 70417.10064491551,27783.821676609088 73307.08650603319,27783.821676609088 
PLINE 73307.08650603319,27783.821676609088 73316.91267499074,27783.821676609088 
PLINE 73316.91267499074,27783.821676609088 73567.10064491555,27783.821676609088 
PLINE 50065.61698753934,13146.896712049822 50142.10064491554,13146.896712049822 
PLINE 50142.10064491554,13146.896712049822 50254.16639212804,13146.896712049822 
PLINE 50254.16639212804,13146.896712049822 50263.65554829838,13146.896712049822 
PLINE 50263.65554829838,13146.896712049822 53536.6202962797,13146.896712049822 
PLINE 53536.6202962797,13146.896712049822 56392.10064491554,13146.896712049822 
PLINE 56392.10064491554,13146.896712049822 57292.10064491552,13146.896712049822 
PLINE 57292.10064491552,13146.896712049822 60142.0968126285,13146.896712049822 
PLINE 60142.0968126285,13146.896712049822 62992.10064491549,13146.896712049822 
PLINE 62992.10064491549,13146.896712049822 63892.10064491549,13146.896712049822 
PLINE 63892.10064491549,13146.896712049822 66411.2182919743,13146.896712049822 
PLINE 66411.2182919743,13146.896712049822 67072.98299785667,13146.896712049822 
PLINE 67072.98299785667,13146.896712049822 69592.10064491548,13146.896712049822 
PLINE 69592.10064491548,13146.896712049822 70492.10064491548,13146.896712049822 
PLINE 70492.10064491548,13146.896712049822 73011.21829197436,13146.896712049822 
PLINE 73011.21829197436,13146.896712049822 73672.98299785673,13146.896712049822 
PLINE 73672.98299785673,13146.896712049822 76192.10064491555,13146.896712049822 
PLINE 76192.10064491555,13146.896712049822 77092.10064491555,13146.896712049822 
PLINE 77092.10064491555,13146.896712049822 79611.21829197436,13146.896712049822 
PLINE 79611.21829197436,13146.896712049822 80272.98299785673,13146.896712049822 
PLINE 80272.98299785673,13146.896712049822 82792.10064491557,13146.896712049822 
PLINE 82792.10064491557,13146.896712049822 83692.10064491555,13146.896712049822 
PLINE 83692.10064491555,13146.896712049822 86517.2914846102,13146.896712049822 
PLINE 86517.2914846102,13146.896712049822 89749.11956270342,13146.896712049822 
PLINE 89749.11956270342,13146.896712049822 90517.10064491452,13146.896712049822 
PLINE 90517.10064491452,13146.896712049822 92947.86363541792,13146.896712049822 
PLINE 92947.86363541792,13146.896712049822 93040.74539693398,13146.896712049822 
PLINE 93040.74539693398,13146.896712049822 93367.10064491557,13146.896712049822 
PLINE 40333.558488201576,16265.152006493614 40442.10064491553,16265.152006493614 
PLINE 40442.10064491553,16265.152006493614 48332.407158380396,16265.152006493614 
PLINE 48332.407158380396,16265.152006493614 50132.4071583804,16265.152006493614 
PLINE 50132.4071583804,16265.152006493614 50254.16639212804,16265.152006493614 
PLINE 92917.10064491552,17766.20549805008 93040.74539693398,17766.20549805008 
PLINE 93040.74539693398,17766.20549805008 99852.10064491554,17766.20549805008 
PLINE 99852.10064491554,17766.20549805008 99967.10064491558,17766.20549805008 
PLINE 99767.10064491552,16666.03067287526 99852.10064491554,16666.03067287526 
PLINE 99852.10064491554,16666.03067287526 99967.10064491552,16666.03067287526 
PLINE 99767.10064491552,14266.03067287526 99852.10064491554,14266.03067287526 
PLINE 99852.10064491554,14266.03067287526 99967.10064491552,14266.03067287526 
PLINE 92917.10064491552,15941.03067287526 93040.74539693398,15941.03067287526 
PLINE 93040.74539693398,15941.03067287526 93117.10064491555,15941.03067287526 
PLINE 86517.2914846102,14483.772608359131 86642.10064491555,14483.772608359131 
PLINE 86642.10064491555,14483.772608359131 89749.11956270342,14483.772608359131 
PLINE 89749.11956270342,14483.772608359131 89842.10064491557,14483.772608359131 
PLINE 86517.2914846102,16891.03067287526 86642.10064491555,16891.03067287526 
PLINE 86642.10064491555,16891.03067287526 89642.10064491555,16891.03067287526 
PLINE 89642.10064491555,16891.03067287526 89753.17245882582,16891.03067287526 
PLINE 89642.10064491555,18689.21501722377 89748.8883278594,18689.21501722377 
PLINE 89748.8883278594,18689.21501722377 89842.10064491557,18689.21501722377 
PLINE 89642.10064491555,16391.03067287526 89753.17245882582,16391.03067287526 
PLINE 89753.17245882582,16391.03067287526 89842.10064491557,16391.03067287526 
PLINE 89642.10064491555,15191.03067287525 89749.11956270342,15191.03067287525 
PLINE 89749.11956270342,15191.03067287525 89842.10064491557,15191.03067287525 
PLINE 89642.10064491555,17394.2250438303 89753.17245882582,17394.2250438303 
PLINE 89753.17245882582,17394.2250438303 89842.10064491557,17394.2250438303 
PLINE 74542.10064491555,28970.466576628434 74586.12588786034,28970.466576628434 
PLINE 74586.12588786034,28970.466576628434 76637.15930918374,28970.466576628434 
PLINE 76637.15930918374,28970.466576628434 78702.70285939056,28970.466576628434 
PLINE 78702.70285939056,28970.466576628434 78746.81735026692,28970.466576628434 
PLINE 73316.91267499074,23667.420024762225 73442.10064491555,23667.420024762225 
PLINE 73442.10064491555,23667.420024762225 74038.99230944483,23667.420024762225 
PLINE 74038.99230944483,23667.420024762225 75250.52651102784,23667.420024762225 
PLINE 75250.52651102784,23667.420024762225 76637.15930918374,23667.420024762225 
PLINE 76637.15930918374,23667.420024762225 78032.87331326652,23667.420024762225 
PLINE 78032.87331326652,23667.420024762225 79143.18731389608,23667.420024762225 
PLINE 79143.18731389608,23667.420024762225 79842.3276024018,23667.420024762225 
PLINE 79842.3276024018,23667.420024762225 79963.58353818154,23667.420024762225 
PLINE 46834.74296877898,23975.497023216216 46947.2390272783,23975.497023216216 
PLINE 46947.2390272783,23975.497023216216 47034.74296877899,23975.497023216216 
PLINE 46838.3423002403,22375.528958295108 46947.2390272783,22375.528958295108 
PLINE 46947.2390272783,22375.528958295108 47038.34230024027,22375.528958295108 
PLINE 53435.17688733403,17531.4017197029 53536.6202962797,17531.4017197029 
PLINE 53536.6202962797,17531.4017197029 53635.17688733401,17531.4017197029 
PLINE 40333.558488201576,13297.292626065966 40567.10064491546,13041.03067287526 
PLINE 40567.10064491546,13041.03067287526 40567.10064491546,13041.03067287526 
PLINE 40567.10064491546,13041.03067287526 41842.98230835882,11641.02678614759 
PLINE 41842.98230835882,11641.02678614759 41934.11368117231,11541.029835178495 
PLINE 40333.558488201576,13077.396328844232 40367.10064491554,13041.03067287526 
PLINE 40367.10064491554,13041.03067287526 40367.10064491554,13041.03067287526 
PLINE 40367.10064491554,13041.03067287526 41750.638541551736,11541.029835178495 
PLINE 41750.638541551736,11541.029835178495 41842.87084139396,11441.03363893233 
PLINE 92947.86363541792,13146.896712049822 93040.74539693398,13065.872196684752 
PLINE 93040.74539693398,13065.872196684752 93069.2222656912,13041.03067287526 
PLINE 93069.2222656912,13041.03067287526 96442.10064491558,10098.732512275368 
PLINE 96442.10064491558,10098.732512275368 96594.2222656913,9966.030672875277 
PLINE 102852.47674104814,27784.53718097245 102941.75222291035,27691.03067287527 
PLINE 102941.75222291035,27691.03067287527 103498.87870189997,27107.50034033443 
PLINE 103498.87870189997,27107.50034033443 104291.46115705602,26277.35508415848 
PLINE 104291.46115705602,26277.35508415848 104362.00800424797,26203.46481551378 
PLINE 78600.0801061543,29066.03067287527 78702.70285939056,28970.466576628434 
PLINE 78702.70285939056,28970.466576628434 79863.83788902703,27889.19740163092 
PLINE 79863.83788902703,27889.19740163092 79963.58353818154,27796.312514845034 
PLINE 79963.58353818154,27796.312514845034 79976.22863429756,27784.53718097245 
PLINE 48760.85331961952,11541.029835178495 48842.10064491552,11641.02678614759 
PLINE 48842.10064491552,11641.02678614759 50065.61698753934,13146.896712049822 
PLINE 50065.61698753934,13146.896712049822 50142.10064491555,13241.03067287526 
PLINE 50142.10064491555,13241.03067287526 50254.16639212804,13378.958081420671 
PLINE 48842.10064491551,11441.03363893233 48925.43094576644,11541.029835178495 
PLINE 48925.43094576644,11541.029835178495 50175.43370361346,13041.03067287526 
PLINE 50175.43370361346,13041.03067287526 50254.16639212804,13135.509743408991 
PLINE 50254.16639212804,13135.509743408991 50263.65554829838,13146.896712049822 
PLINE 99446.67437893548,21551.341746503345 99504.37874588092,21607.63144929414 
PLINE 99504.37874588092,21607.63144929414 99852.10064491554,21946.828695301694 
PLINE 99852.10064491554,21946.828695301694 104291.46115705602,26277.35508415848 
PLINE 104291.46115705602,26277.35508415848 105836.52152256218,27784.53718097245 
PLINE 105836.52152256218,27784.53718097245 105945.6913925276,27891.03067287527 
PLINE 96289.97902413986,9966.030672875277 96442.10064491558,10098.732512275368 
PLINE 96442.10064491558,10098.732512275368 99814.97902413968,13041.03067287526 
PLINE 99814.97902413968,13041.03067287526 99814.97902413968,13041.03067287526 
PLINE 99814.97902413968,13041.03067287526 99852.10064491554,13073.413363339307 
PLINE 103462.71464717362,27072.97265367939 103498.87870189997,27107.50034033443 
PLINE 103498.87870189997,27107.50034033443 103535.04275662631,27142.02802698947 
PLINE 73307.08650603319,27783.821676609088 73316.91267499074,27792.938028651006 
PLINE 73316.91267499074,27792.938028651006 73420.07049916717,27888.64399962836 
PLINE 73420.07049916717,27888.64399962836 74586.12588786034,28970.466576628434 
PLINE 74586.12588786034,28970.466576628434 74689.13079066355,29066.03067287527 
PLINE 40117.10064491547,21687.236303230224 40342.10064491547,21891.03067287527 
PLINE 40342.10064491547,21891.03067287527 40567.10064491547,22094.825042520308 
PLINE 40567.10064491547,22094.825042520308 46848.06044228114,27783.821676609088 
PLINE 46848.06044228114,27783.821676609088 46947.2390272783,27873.652953105913 
PLINE 46947.2390272783,27873.652953105913 46966.42496923987,27891.03067287527 
