PLINE 89749.11956270342,13241.03067287526 89749.11956270342,14483.772608359131 
PLINE 60142.0968126285,13146.896712049822 60142.0968126285,19329.273312551573 
PLINE 48332.407158380396,16265.152006493614 50132.4071583804,16265.152006493614 
PLINE 53536.6202962797,17531.4017197029 53536.6202962797,19329.273312551573 
PLINE 50254.16639212804,19329.273312551573 52142.10064491551,19329.273312551573 
PLINE 58117.100644915474,19329.273312551573 60142.0968126285,19329.273312551573 
PLINE 58117.100644915474,19329.273312551573 60142.0968126285,19329.273312551573 
PLINE 60142.0968126285,19329.273312551573 62167.100644915554,19329.273312551573 
PLINE 60142.0968126285,19329.273312551573 62167.100644915554,19329.273312551573 
PLINE 66967.1006449155,19329.273312551573 73117.10064491555,19329.273312551573 
PLINE 84817.10064491554,19329.273312551573 86517.2914846102,19329.273312551573 
PLINE 89748.8883278594,19329.273312551573 89748.8883278594,21444.74042677741 
PLINE 44917.10064491551,21552.11345905937 46947.2390272783,21552.11345905937 
PLINE 79963.58353818154,21551.341746503345 81663.9057911202,21551.341746503345 
PLINE 86549.69845663621,21551.341746503345 88269.597351175,21551.341746503345 
PLINE 46947.2390272783,22375.528958295108 46947.2390272783,23975.497023216216 
PLINE 74038.99230944483,23667.420024762225 75250.52651102784,23667.420024762225 
PLINE 75250.52651102784,23667.420024762225 76637.15930918374,23667.420024762225 
PLINE 76637.15930918374,23667.420024762225 78032.87331326652,23667.420024762225 
PLINE 78032.87331326652,23667.420024762225 79143.18731389608,23667.420024762225 
PLINE 103498.87870189997,27107.50034033443 104291.46115705602,26277.35508415848 
