PLINE 7943.829208586573,12190.00388429281 8753.209757332137,13006.951328938003 
PLINE 69843.63729908913,14209.877473096265 72693.63729908918,14209.877473096265 
PLINE 89100.65621687705,14304.27391969607 89100.65621687705,15547.015855179929 
PLINE 29775.32610388221,14554.05319873215 29775.32610388221,19804.05319873215 
PLINE 47536.31731784449,17327.957496368905 49036.3173178445,17327.957496368905 
PLINE 92392.28205110758,17004.27391969606 92392.28205110758,18829.448744870886 
PLINE 62798.50644994108,18336.81541462378 62798.50644994108,19536.81541462378 
PLINE 23187.018792010233,18603.78943347985 23187.018792010233,20438.101774306157 
PLINE 10718.63729908916,20438.101774306157 11918.63729908916,20438.101774306157 
PLINE 13318.715643965907,20438.101774306157 15318.63729908916,20438.101774306157 
PLINE 15318.63729908916,20438.101774306157 19668.63729908916,20438.101774306157 
PLINE 20118.63729908916,20438.101774306157 23187.018792010233,20438.101774306157 
PLINE 24468.63729908916,20438.101774306157 26493.637299089158,20438.101774306157 
PLINE 26493.637299089158,20438.101774306157 28518.637299089172,20438.101774306157 
PLINE 37668.63729908916,20438.101774306157 39670.665778487506,20438.101774306157 
PLINE 49612.24195025193,20448.015826585044 51493.63729908916,20448.015826585044 
PLINE 57468.63729908913,20448.015826585044 59493.63346680211,20448.015826585044 
PLINE 57468.63729908913,20448.015826585044 59493.63346680211,20448.015826585044 
PLINE 59493.63346680211,20448.015826585044 61518.63729908916,20448.015826585044 
PLINE 59493.63346680211,20448.015826585044 61518.63729908916,20448.015826585044 
PLINE 72693.63729908918,20448.015826585044 74418.63729908915,20448.015826585044 
PLINE 84168.63729908915,20448.015826585044 85875.16087346838,20448.015826585044 
PLINE 85875.16087346838,20448.015826585044 89107.8860550402,20448.015826585044 
PLINE 5181.287520468039,20440.249529452172 5181.287520468039,22618.936826892423 
PLINE 9994.811229902414,20438.101774306157 9994.811229902414,22618.936826892423 
PLINE 85875.16087346838,20448.015826585044 85875.16087346838,22611.89978499943 
PLINE 30827.40829296126,22618.936826892423 32327.40829296127,22618.936826892423 
PLINE 33844.87450518545,22618.936826892423 35344.74022054534,22618.936826892423 
PLINE 40398.28860638686,22618.936826892423 41898.28860638686,22618.936826892423 
PLINE 50713.567253046,22618.936826892423 52213.567253046,22618.936826892423 
PLINE 84168.63729908914,22611.89978499943 85875.16087346838,22611.89978499943 
PLINE 62793.63729908914,22618.936826892423 62793.63729908914,24204.27391969602 
PLINE 16564.825104178257,22618.936826892423 16564.825104178257,24845.89849364704 
PLINE 23194.0164988504,22618.936826892423 23194.0164988504,24857.7794390709 
PLINE 92485.43610232654,22625.982934541462 92485.43610232654,24899.61465923733 
PLINE 73390.52896361846,24730.66327158302 74602.06316520147,24730.66327158302 
PLINE 74602.06316520147,24730.66327158302 75988.69596335736,24730.66327158302 
PLINE 75988.69596335736,24730.66327158302 77384.40996744017,24730.66327158302 
PLINE 77384.40996744017,24730.66327158302 78494.72396806977,24730.66327158302 
PLINE 13659.813769677396,28848.073069161655 16564.825104178257,28848.073069161655 
PLINE 69768.63729908915,28848.073069161655 72659.70980212787,28848.073069161655 
PLINE 89333.74073446264,28847.598592808023 92485.43610232654,28847.598592808023 
