PLINE 5905.103464502699,22504.27391969606 5905.103464502699,22618.936826892423 
PLINE 5905.103464502699,22618.936826892423 5905.103464502699,28848.073069161655 
PLINE 5905.103464502699,28848.073069161655 5905.103464502699,28954.27391969608 
PLINE 13518.637299089158,22504.27391969606 13518.637299089158,22618.936826892423 
PLINE 13518.637299089158,22618.936826892423 13518.637299089158,22954.27391969606 
PLINE 13068.637299089158,22504.27391969606 13068.637299089158,22618.936826892423 
PLINE 13068.637299089158,22618.936826892423 13068.637299089158,22954.27391969606 
PLINE 13318.715643965907,14104.273919696057 13318.715643965907,14211.153131593936 
PLINE 13318.715643965907,14211.153131593936 13318.715643965907,16692.899483190264 
PLINE 13318.715643965907,16692.899483190264 13318.715643965907,20438.101774306157 
PLINE 13318.715643965907,20438.101774306157 13318.715643965907,20554.27391969608 
PLINE 5181.287520468039,14104.27391969606 5181.287520468039,14104.27391969606 
PLINE 5181.287520468039,14104.27391969606 5181.287520468039,14267.898303020815 
PLINE 5181.287520468039,14267.898303020815 5181.287520468039,14554.27391969606 
PLINE 5181.287520468039,14554.27391969606 5181.287520468039,20440.249529452172 
PLINE 5181.287520468039,20440.249529452172 5181.287520468039,22618.936826892423 
PLINE 5181.287520468039,22618.936826892423 5181.287520468039,22954.27391969606 
PLINE 19883.033900562685,22501.42080228167 19883.033900562685,22618.936826892423 
PLINE 19883.033900562685,22618.936826892423 19883.033900562685,28848.073069161655 
PLINE 19883.033900562685,28848.073069161655 19883.033900562685,28954.27391969608 
PLINE 13659.813769677396,28504.27391969608 13659.813769677396,28848.073069161655 
PLINE 13659.813769677396,28848.073069161655 13659.813769677396,28954.27391969608 
PLINE 12927.460828500925,28504.27391969608 12927.460828500925,28848.073069161655 
PLINE 12927.460828500925,28848.073069161655 12927.460828500925,28954.27391969608 
PLINE 20118.63729908916,20104.27391969606 20118.63729908916,20438.101774306157 
PLINE 20118.63729908916,20438.101774306157 20118.63729908916,20554.27391969606 
PLINE 19668.63729908916,20104.27391969606 19668.63729908916,20438.101774306157 
PLINE 19668.63729908916,20438.101774306157 19668.63729908916,20554.27391969606 
PLINE 20224.51965203034,14104.273919696057 20224.51965203034,14211.153131593936 
PLINE 20224.51965203034,14211.153131593936 20224.51965203034,14554.27391969606 
PLINE 19562.754946147987,14104.273919696057 19562.754946147987,14211.153131593936 
PLINE 19562.754946147987,14211.153131593936 19562.754946147987,14554.27391969606 
PLINE 26493.637299089158,14104.273919696057 26493.637299089158,14211.153131593936 
PLINE 26493.637299089158,14211.153131593936 26493.637299089158,20438.101774306157 
PLINE 26493.637299089158,20438.101774306157 26493.637299089158,20554.27391969608 
PLINE 26718.63729908916,22504.27391969606 26718.63729908916,22618.936826892423 
PLINE 26718.63729908916,22618.936826892423 26718.63729908916,22954.27391969606 
PLINE 26268.63729908916,22504.27391969606 26268.63729908916,22618.936826892423 
PLINE 26268.63729908916,22618.936826892423 26268.63729908916,22954.27391969606 
PLINE 26810.944991396856,28504.27391969608 26810.944991396856,28848.073069161655 
PLINE 26810.944991396856,28848.073069161655 26810.944991396856,28954.27391969608 
PLINE 26127.460828500934,28504.27391969608 26127.460828500934,28848.073069161655 
PLINE 26127.460828500934,28848.073069161655 26127.460828500934,28954.27391969608 
PLINE 33089.240027486354,22504.27391969608 33089.240027486354,22618.936826892423 
PLINE 33089.240027486354,22618.936826892423 33089.240027486354,28848.073069161655 
PLINE 33089.240027486354,28848.073069161655 33089.240027486354,28954.27391969608 
PLINE 33318.63729908916,20104.27391969606 33318.63729908916,20438.101774306157 
PLINE 33318.63729908916,20438.101774306157 33318.63729908916,20554.27391969606 
PLINE 32868.63729908916,20104.27391969606 32868.63729908916,20438.101774306157 
PLINE 32868.63729908916,20438.101774306157 32868.63729908916,20554.27391969606 
PLINE 33424.519652030336,14104.273919696057 33424.519652030336,14211.153131593936 
PLINE 33424.519652030336,14211.153131593936 33424.519652030336,14554.27391969606 
PLINE 32762.754946147983,14104.273919696057 32762.754946147983,14211.153131593936 
PLINE 32762.754946147983,14211.153131593936 32762.754946147983,14554.27391969606 
PLINE 99318.63729908918,28504.27391969608 99318.63729908918,28847.598592808023 
PLINE 99318.63729908918,28847.598592808023 99318.63729908918,28954.27391969608 
PLINE 98753.92257212721,28504.27391969608 98753.92257212721,28847.598592808023 
PLINE 98753.92257212721,28847.598592808023 98753.92257212721,28954.27391969608 
PLINE 92485.43610232654,22503.1216919451 92485.43610232654,22625.982934541462 
PLINE 92485.43610232654,22625.982934541462 92485.43610232654,24899.61465923733 
PLINE 92485.43610232654,24899.61465923733 92485.43610232654,28847.598592808023 
PLINE 92485.43610232654,28847.598592808023 92485.43610232654,28954.27391969608 
PLINE 39690.058441283756,22504.27391969606 39690.058441283756,22618.936826892423 
PLINE 39690.058441283756,22618.936826892423 39690.058441283756,28848.073069161655 
PLINE 39690.058441283756,28848.073069161655 39690.058441283756,28954.27391969608 
PLINE 46301.415076866935,22504.27391969608 46301.415076866935,22618.936826892423 
PLINE 46301.415076866935,22618.936826892423 46301.415076866935,28848.073069161655 
PLINE 46301.415076866935,28848.073069161655 46301.415076866935,28954.27391969608 
PLINE 52893.00545381769,22504.27391969606 52893.00545381769,22618.936826892423 
PLINE 52893.00545381769,22618.936826892423 52893.00545381769,28848.073069161655 
PLINE 52893.00545381769,28848.073069161655 52893.00545381769,28954.27391969608 
PLINE 59493.637299089176,22504.27391969602 59493.637299089176,22618.936826892423 
PLINE 59493.637299089176,22618.936826892423 59493.637299089176,28848.073069161655 
PLINE 59493.637299089176,28848.073069161655 59493.637299089176,28954.27391969608 
PLINE 39670.665778487506,14104.273919696057 39670.665778487506,14156.283569206222 
PLINE 39670.665778487506,14156.283569206222 39670.665778487506,14211.153131593936 
PLINE 39670.665778487506,14211.153131593936 39670.665778487506,14376.368975677331 
PLINE 39670.665778487506,14376.368975677331 39670.665778487506,17327.957496368905 
PLINE 39670.665778487506,17327.957496368905 39670.665778487506,20438.101774306157 
PLINE 39670.665778487506,20438.101774306157 39670.665778487506,20554.27391969608 
PLINE 46518.63729908916,20104.27391969606 46518.63729908916,20438.101774306157 
PLINE 46518.63729908916,20438.101774306157 46518.63729908916,20554.27391969606 
PLINE 46068.63729908916,20104.27391969606 46068.63729908916,20438.101774306157 
PLINE 46068.63729908916,20438.101774306157 46068.63729908916,20554.27391969606 
PLINE 53118.63729908916,20104.27391969606 53118.63729908916,20448.015826585044 
PLINE 53118.63729908916,20448.015826585044 53118.63729908916,20554.27391969606 
PLINE 52668.63729908916,20104.27391969606 52668.63729908916,20448.015826585044 
PLINE 52668.63729908916,20448.015826585044 52668.63729908916,20554.27391969606 
PLINE 46518.63729908916,14104.27391969606 46518.63729908916,14104.27391969606 
PLINE 46518.63729908916,14104.27391969606 46518.63729908916,14554.27391969606 
PLINE 46518.63729908916,14554.27391969606 46518.63729908916,14554.27391969606 
PLINE 46068.63729908916,14104.27391969606 46068.63729908916,14104.27391969606 
PLINE 46068.63729908916,14104.27391969606 46068.63729908916,14554.27391969606 
PLINE 46068.63729908916,14554.27391969606 46068.63729908916,14554.27391969606 
PLINE 53224.519652030336,14104.273919696057 53224.519652030336,14209.877473096265 
PLINE 53224.519652030336,14209.877473096265 53224.519652030336,14554.27391969606 
PLINE 52562.754946147994,14104.273919696057 52562.754946147994,14209.877473096265 
PLINE 52562.754946147994,14209.877473096265 52562.754946147994,14554.27391969606 
PLINE 59493.63346680211,14104.273919696057 59493.63346680211,14209.877473096265 
PLINE 59493.63346680211,14209.877473096265 59493.63346680211,20448.015826585044 
PLINE 59493.63346680211,20448.015826585044 59493.63346680211,20554.3222838286 
PLINE 79624.51965203034,14104.273919696057 79624.51965203034,14209.877473096265 
PLINE 79624.51965203034,14209.877473096265 79624.51965203034,14554.27391969606 
PLINE 78962.754946148,14104.273919696057 78962.754946148,14209.877473096265 
PLINE 78962.754946148,14209.877473096265 78962.754946148,14554.27391969606 
PLINE 72693.63729908918,14104.273919696057 72693.63729908918,14209.877473096265 
PLINE 72693.63729908918,14209.877473096265 72693.63729908918,20448.015826585044 
PLINE 72693.63729908918,20448.015826585044 72693.63729908918,20554.27391969606 
PLINE 66424.5196520303,14104.273919696057 66424.5196520303,14209.877473096265 
PLINE 66424.5196520303,14209.877473096265 66424.5196520303,14554.27391969606 
PLINE 65762.75494614795,14104.273919696057 65762.75494614795,14209.877473096265 
PLINE 65762.75494614795,14209.877473096265 65762.75494614795,14554.27391969606 
PLINE 66459.81376967736,28504.27391969608 66459.81376967736,28848.073069161655 
PLINE 66459.81376967736,28848.073069161655 66459.81376967736,28954.27391969608 
PLINE 65727.4608285009,28504.27391969608 65727.4608285009,28848.073069161655 
PLINE 65727.4608285009,28848.073069161655 65727.4608285009,28954.27391969608 
PLINE 66093.63729908913,22504.27391969606 66093.63729908913,22618.936826892423 
PLINE 66093.63729908913,22618.936826892423 66093.63729908913,22954.27391969606 
PLINE 66318.63729908913,20104.27391969606 66318.63729908913,20448.015826585044 
PLINE 66318.63729908913,20448.015826585044 66318.63729908913,20554.27391969606 
PLINE 65868.63729908913,20104.27391969606 65868.63729908913,20448.015826585044 
PLINE 65868.63729908913,20448.015826585044 65868.63729908913,20554.27391969606 
PLINE 72668.44932916436,22504.27391969602 72668.44932916436,22618.936826892423 
PLINE 72668.44932916436,22618.936826892423 72668.44932916436,24730.66327158302 
PLINE 72668.44932916436,24730.66327158302 72668.44932916436,28848.073069161655 
PLINE 72668.44932916436,28848.073069161655 72668.44932916436,28856.181275471623 
PLINE 72668.44932916436,28856.181275471623 72668.44932916436,28954.27391969608 
PLINE 79307.70801083012,22504.27391969606 79307.70801083012,22611.89978499943 
PLINE 79307.70801083012,22611.89978499943 79307.70801083012,24730.66327158302 
PLINE 79307.70801083012,24730.66327158302 79307.70801083012,28847.598592808023 
PLINE 79307.70801083012,28847.598592808023 79307.70801083012,28866.458114275752 
PLINE 79307.70801083012,28866.458114275752 79307.70801083012,28954.27391969608 
PLINE 79518.63729908917,20104.27391969606 79518.63729908917,20448.015826585044 
PLINE 79518.63729908917,20448.015826585044 79518.63729908917,20554.27391969606 
PLINE 79107.0988375507,19554.27391969606 79107.0988375507,20448.015826585044 
PLINE 79107.0988375507,20448.015826585044 79107.0988375507,20554.27391969606 
PLINE 99203.63729908915,14104.27391969606 99203.63729908915,14104.27391969606 
PLINE 99203.63729908915,14104.27391969606 99203.63729908915,14136.65661016012 
PLINE 99203.63729908915,14136.65661016012 99203.63729908915,14554.27391969606 
PLINE 99203.63729908915,14554.27391969606 99203.63729908915,15329.273919696057 
PLINE 99203.63729908915,15329.273919696057 99203.63729908915,17729.27391969606 
PLINE 99203.63729908915,17729.27391969606 99203.63729908915,18829.448744870886 
PLINE 99203.63729908915,18829.448744870886 99203.63729908915,22625.982934541462 
PLINE 99203.63729908915,22625.982934541462 99203.63729908915,22954.27391969606 
PLINE 99203.63729908915,22954.27391969606 99203.63729908915,23010.07194212271 
PLINE 85875.16087346838,14104.273919696057 85875.16087346838,14209.877473096265 
PLINE 85875.16087346838,14209.877473096265 85875.16087346838,15547.015855179929 
PLINE 85875.16087346838,15547.015855179929 85875.16087346838,17954.27391969606 
PLINE 85875.16087346838,17954.27391969606 85875.16087346838,20448.015826585044 
PLINE 85875.16087346838,20448.015826585044 85875.16087346838,22611.89978499943 
PLINE 85875.16087346838,22611.89978499943 85875.16087346838,28847.598592808023 
PLINE 85875.16087346838,28847.598592808023 85875.16087346838,28954.27391969608 
PLINE 9994.811229902414,9851.95284874673 9994.811229902414,10077.970228290356 
PLINE 9994.811229902414,10077.970228290356 9994.811229902414,14104.27391969606 
PLINE 9994.811229902414,14104.27391969606 9994.811229902414,14260.160529302491 
PLINE 9994.811229902414,14260.160529302491 9994.811229902414,14646.581612003749 
PLINE 9994.811229902414,14646.581612003749 9994.811229902414,16054.273919696057 
PLINE 9994.811229902414,16054.273919696057 9994.811229902414,16692.899483190264 
PLINE 9994.811229902414,16692.899483190264 9994.811229902414,20438.101774306157 
PLINE 9994.811229902414,20438.101774306157 9994.811229902414,22618.936826892423 
PLINE 9994.811229902414,22618.936826892423 9994.811229902414,22704.27391969603 
PLINE 14518.80198938848,22504.27391969602 14518.80198938848,22618.936826892423 
PLINE 14518.80198938848,22618.936826892423 14518.80198938848,22704.27391969603 
PLINE 30827.40829296126,22504.27391969602 30827.40829296126,22618.936826892423 
PLINE 30827.40829296126,22618.936826892423 30827.40829296126,22704.27391969602 
PLINE 32327.40829296127,22504.27391969602 32327.40829296127,22618.936826892423 
PLINE 32327.40829296127,22618.936826892423 32327.40829296127,22704.27391969602 
PLINE 40398.28860638686,22504.27391969602 40398.28860638686,22618.936826892423 
PLINE 40398.28860638686,22618.936826892423 40398.28860638686,22704.27391969602 
PLINE 41898.28860638686,22504.27391969602 41898.28860638686,22618.936826892423 
PLINE 41898.28860638686,22618.936826892423 41898.28860638686,22704.27391969602 
PLINE 50713.567253046,22504.27391969602 50713.567253046,22618.936826892423 
PLINE 50713.567253046,22618.936826892423 50713.567253046,22704.27391969603 
PLINE 52213.567253046,22504.27391969602 52213.567253046,22618.936826892423 
PLINE 52213.567253046,22618.936826892423 52213.567253046,22704.27391969603 
PLINE 61218.63729908913,22504.27391969602 61218.63729908913,22618.936826892423 
PLINE 61218.63729908913,22618.936826892423 61218.63729908913,22704.27391969603 
PLINE 15318.63729908916,20354.27391969608 15318.63729908916,20438.101774306157 
PLINE 15318.63729908916,20438.101774306157 15318.63729908916,20554.27391969608 
PLINE 24468.63729908916,20354.27391969608 24468.63729908916,20438.101774306157 
PLINE 24468.63729908916,20438.101774306157 24468.63729908916,20554.27391969608 
PLINE 28518.637299089172,20354.27391969608 28518.637299089172,20438.101774306157 
PLINE 28518.637299089172,20438.101774306157 28518.637299089172,20554.27391969608 
PLINE 37668.63729908916,20354.27391969608 37668.63729908916,20438.101774306157 
PLINE 37668.63729908916,20438.101774306157 37668.63729908916,20554.27391969608 
PLINE 57468.63729908913,20354.27391969606 57468.63729908913,20448.015826585044 
PLINE 57468.63729908913,20448.015826585044 57468.63729908913,20554.27391969606 
PLINE 61518.63729908916,20354.27391969606 61518.63729908916,20448.015826585044 
PLINE 61518.63729908916,20448.015826585044 61518.63729908916,20554.27391969606 
PLINE 74418.63729908915,20354.27391969606 74418.63729908915,20448.015826585044 
PLINE 74418.63729908915,20448.015826585044 74418.63729908915,20554.27391969606 
PLINE 11918.63729908916,20354.27391969608 11918.63729908916,20438.101774306157 
PLINE 11918.63729908916,20438.101774306157 11918.63729908916,20554.27391969608 
PLINE 10718.63729908916,20354.27391969608 10718.63729908916,20438.101774306157 
PLINE 10718.63729908916,20438.101774306157 10718.63729908916,20554.27391969608 
PLINE 83043.63729908915,14104.273919696057 83043.63729908915,14209.877473096265 
PLINE 83043.63729908915,14209.877473096265 83043.63729908915,14304.273919696061 
PLINE 76443.63729908917,14104.273919696057 76443.63729908917,14209.877473096265 
PLINE 76443.63729908917,14209.877473096265 76443.63729908917,14304.273919696061 
PLINE 69843.63729908913,14104.273919696057 69843.63729908913,14209.877473096265 
PLINE 69843.63729908913,14209.877473096265 69843.63729908913,14304.273919696061 
PLINE 62798.50644994108,14104.273919696057 62798.50644994108,14209.877473096265 
PLINE 62798.50644994108,14209.877473096265 62798.50644994108,18336.81541462378 
PLINE 62798.50644994108,18336.81541462378 62798.50644994108,19536.81541462378 
PLINE 62798.50644994108,19536.81541462378 62798.50644994108,20354.27391969606 
PLINE 62798.50644994108,20354.27391969606 62798.50644994108,20448.015826585044 
PLINE 55743.63729908917,14104.273919696057 55743.63729908917,14209.877473096265 
PLINE 55743.63729908917,14209.877473096265 55743.63729908917,14304.27391969606 
PLINE 56643.63729908915,14104.273919696057 56643.63729908915,14209.877473096265 
PLINE 56643.63729908915,14209.877473096265 56643.63729908915,14304.273919696061 
PLINE 49612.24195025193,14104.273919696057 49612.24195025193,14206.599662040244 
PLINE 49612.24195025193,14206.599662040244 49612.24195025193,14209.877473096265 
PLINE 49612.24195025193,14209.877473096265 49612.24195025193,14450.24922957638 
PLINE 49612.24195025193,14450.24922957638 49612.24195025193,17327.957496368905 
PLINE 49612.24195025193,17327.957496368905 49612.24195025193,20448.015826585044 
PLINE 49612.24195025193,20448.015826585044 49612.24195025193,20554.27391969608 
PLINE 35943.63729908916,14104.273919696057 35943.63729908916,14211.153131593936 
PLINE 35943.63729908916,14211.153131593936 35943.63729908916,14304.27391969606 
PLINE 36843.637299089154,14104.273919696057 36843.637299089154,14211.153131593936 
PLINE 36843.637299089154,14211.153131593936 36843.637299089154,14304.273919696061 
PLINE 29343.63729908917,14104.273919696057 29343.63729908917,14211.153131593936 
PLINE 29343.63729908917,14211.153131593936 29343.63729908917,14304.27391969606 
PLINE 30243.63729908916,14104.273919696057 30243.63729908916,14211.153131593936 
PLINE 30243.63729908916,14211.153131593936 30243.63729908916,14304.273919696061 
PLINE 22743.637299089158,14104.273919696057 22743.637299089158,14211.153131593936 
PLINE 22743.637299089158,14211.153131593936 22743.637299089158,14304.27391969606 
PLINE 23643.637299089165,14104.273919696057 23643.637299089165,14211.153131593936 
PLINE 23643.637299089165,14211.153131593936 23643.637299089165,14304.273919696061 
PLINE 16143.637299089161,14104.273919696057 16143.637299089161,14211.153131593936 
PLINE 16143.637299089161,14211.153131593936 16143.637299089161,14304.27391969606 
PLINE 17043.63729908916,14104.273919696057 17043.63729908916,14211.153131593936 
PLINE 17043.63729908916,14211.153131593936 17043.63729908916,14304.273919696061 
PLINE 12243.637299089147,16593.10499562864 12243.637299089147,16692.899483190264 
PLINE 12243.637299089147,16692.899483190264 12243.637299089147,16793.10499562864 
PLINE 11043.63729908916,16593.10499562864 11043.63729908916,16692.899483190264 
PLINE 11043.63729908916,16692.899483190264 11043.63729908916,16793.10499562864 
PLINE 10368.63729908916,28754.27391969608 10368.63729908916,28848.073069161655 
PLINE 10368.63729908916,28848.073069161655 10368.63729908916,28954.27391969608 
PLINE 8918.637299089167,28754.27391969608 8918.637299089167,28848.073069161655 
PLINE 8918.637299089167,28848.073069161655 8918.637299089167,28954.27391969608 
PLINE 16564.825104178257,22492.86880829673 16564.825104178257,22618.936826892423 
PLINE 16564.825104178257,22618.936826892423 16564.825104178257,24845.89849364704 
PLINE 16564.825104178257,24845.89849364704 16564.825104178257,28848.073069161655 
PLINE 16564.825104178257,28848.073069161655 16564.825104178257,28954.27391969608 
PLINE 36018.63729908916,28754.27391969608 36018.63729908916,28848.073069161655 
PLINE 36018.63729908916,28848.073069161655 36018.63729908916,28954.27391969608 
PLINE 42618.63729908916,28754.27391969608 42618.63729908916,28848.073069161655 
PLINE 42618.63729908916,28848.073069161655 42618.63729908916,28954.27391969608 
PLINE 49968.637299089154,28754.27391969608 49968.637299089154,28848.073069161655 
PLINE 49968.637299089154,28848.073069161655 49968.637299089154,28954.27391969608 
PLINE 49218.63729908916,28754.27391969608 49218.63729908916,28848.073069161655 
PLINE 49218.63729908916,28848.073069161655 49218.63729908916,28954.27391969608 
PLINE 55818.637299089154,28754.27391969608 55818.637299089154,28848.073069161655 
PLINE 55818.637299089154,28848.073069161655 55818.637299089154,28954.27391969608 
PLINE 62793.63729908914,22504.27391969602 62793.63729908914,22618.936826892423 
PLINE 62793.63729908914,22618.936826892423 62793.63729908914,24204.27391969602 
PLINE 62793.63729908914,24204.27391969602 62793.63729908914,28848.073069161655 
PLINE 62793.63729908914,28848.073069161655 62793.63729908914,28954.27391969608 
PLINE 69018.63729908914,28754.27391969608 69018.63729908914,28848.073069161655 
PLINE 69018.63729908914,28848.073069161655 69018.63729908914,28954.27391969608 
PLINE 89333.74073446264,22503.1216919451 89333.74073446264,22625.982934541462 
PLINE 89333.74073446264,22625.982934541462 89333.74073446264,28847.598592808023 
PLINE 89333.74073446264,28847.598592808023 89333.74073446264,28954.27391969608 
PLINE 87617.71177136297,28754.27391969608 87617.71177136297,28847.598592808023 
PLINE 87617.71177136297,28847.598592808023 87617.71177136297,28954.27391969608 
PLINE 96167.88652690576,28754.27391969608 96167.88652690576,28847.598592808023 
PLINE 96167.88652690576,28847.598592808023 96167.88652690576,28954.27391969608 
PLINE 95418.63729908915,28754.27391969608 95418.63729908915,28847.598592808023 
PLINE 95418.63729908915,28847.598592808023 95418.63729908915,28954.27391969608 
PLINE 51493.63729908916,20354.27391969606 51493.63729908916,20448.015826585044 
PLINE 51493.63729908916,20448.015826585044 51493.63729908916,20554.27391969606 
PLINE 70968.63729908917,22504.27391969602 70968.63729908917,22618.936826892423 
PLINE 70968.63729908917,22618.936826892423 70968.63729908917,22704.27391969603 
PLINE 70968.63729908917,20354.27391969608 70968.63729908917,20448.015826585044 
PLINE 70968.63729908917,20448.015826585044 70968.63729908917,20554.27391969606 
PLINE 68943.63729908913,14104.273919696057 68943.63729908913,14209.877473096265 
PLINE 68943.63729908913,14209.877473096265 68943.63729908913,14304.27391969606 
PLINE 69768.63729908915,28754.27391969608 69768.63729908915,28848.073069161655 
PLINE 69768.63729908915,28848.073069161655 69768.63729908915,28954.27391969608 
PLINE 57768.63729908916,22504.27391969602 57768.63729908916,22618.936826892423 
PLINE 57768.63729908916,22618.936826892423 57768.63729908916,22704.27391969602 
PLINE 56568.637299089154,28754.27391969608 56568.637299089154,28848.073069161655 
PLINE 56568.637299089154,28848.073069161655 56568.637299089154,28954.27391969608 
PLINE 84168.63729908915,20354.27391969608 84168.63729908915,20448.015826585044 
PLINE 84168.63729908915,20448.015826585044 84168.63729908915,20554.27391969606 
PLINE 82143.63729908915,14104.273919696057 82143.63729908915,14209.877473096265 
PLINE 82143.63729908915,14209.877473096265 82143.63729908915,14304.27391969606 
PLINE 75543.63729908917,14104.273919696057 75543.63729908917,14209.877473096265 
PLINE 75543.63729908917,14209.877473096265 75543.63729908917,14304.27391969606 
PLINE 84168.63729908914,22504.27391969602 84168.63729908914,22611.89978499943 
PLINE 84168.63729908914,22611.89978499943 84168.63729908914,22704.27391969603 
PLINE 82968.63729908917,28754.27391969608 82968.63729908917,28847.598592808023 
PLINE 82968.63729908917,28847.598592808023 82968.63729908917,28954.27391969608 
PLINE 92392.28205110758,14104.273919696054 92392.28205110758,14129.115443505623 
PLINE 92392.28205110758,14129.115443505623 92392.28205110758,14209.877473096265 
PLINE 92392.28205110758,14209.877473096265 92392.28205110758,17004.27391969606 
PLINE 92392.28205110758,17004.27391969606 92392.28205110758,18829.448744870886 
PLINE 92392.28205110758,18829.448744870886 92392.28205110758,18954.27391969606 
PLINE 89868.63729908816,14104.273919696063 89868.63729908816,14209.877473096265 
PLINE 89868.63729908816,14209.877473096265 89868.63729908816,14304.27391969607 
PLINE 89100.65621687705,14209.877473096265 89100.65621687705,14304.27391969607 
PLINE 89100.65621687705,14304.27391969607 89100.65621687705,15547.015855179929 
PLINE 89100.65621687705,15547.015855179929 89100.65621687705,16254.273919696057 
PLINE 89100.65621687705,16254.273919696057 89100.65621687705,16254.27391969606 
PLINE 89107.8860550402,19752.45826404459 89107.8860550402,19752.45826404459 
PLINE 89107.8860550402,19752.45826404459 89107.8860550402,20448.015826585044 
PLINE 89107.8860550402,20448.015826585044 89107.8860550402,20554.27391969606 
PLINE 89104.70911299941,17454.27391969606 89104.70911299941,17454.27391969606 
PLINE 89104.70911299941,17454.27391969606 89104.70911299941,17954.27391969606 
PLINE 89104.70911299941,17954.27391969606 89104.70911299941,18457.4682906511 
PLINE 89104.70911299941,18457.4682906511 89104.70911299941,18457.4682906511 
PLINE 3568.637299089165,22504.27391969606 3568.637299089165,22618.936826892423 
PLINE 3568.637299089165,22618.936826892423 3568.637299089165,22704.27391969606 
PLINE 3568.637299089165,20354.27391969608 3568.637299089165,20440.249529452172 
PLINE 3568.637299089165,20440.249529452172 3568.637299089165,20554.27391969608 
PLINE NaN,20354.27391969606 NaN,20354.27391969606 
PLINE 82218.63729908917,28754.27391969608 82218.63729908917,28847.598592808023 
PLINE 82218.63729908917,28847.598592808023 82218.63729908917,28954.27391969608 
PLINE 75988.69596335736,24629.27391969607 75988.69596335736,24730.66327158302 
PLINE 75988.69596335736,24730.66327158302 75988.69596335736,29929.27391969608 
PLINE 75988.69596335736,29929.27391969608 75988.69596335736,30033.709823449248 
PLINE 78494.72396806977,24626.20209230186 78494.72396806977,24730.66327158302 
PLINE 78494.72396806977,24730.66327158302 78494.72396806977,24826.20157720419 
PLINE 77384.40996744017,22506.19809790044 77384.40996744017,22611.89978499943 
PLINE 77384.40996744017,22611.89978499943 77384.40996744017,24730.66327158302 
PLINE 77384.40996744017,24730.66327158302 77384.40996744017,24829.27391969607 
PLINE 73390.52896361846,24629.27391969607 73390.52896361846,24730.66327158302 
PLINE 73390.52896361846,24730.66327158302 73390.52896361846,24829.27391969607 
PLINE 74602.06316520147,22504.27391969606 74602.06316520147,22618.936826892423 
PLINE 74602.06316520147,22618.936826892423 74602.06316520147,24730.66327158302 
PLINE 74602.06316520147,24730.66327158302 74602.06316520147,24829.27391969607 
PLINE 30168.637299089172,28754.27391969608 30168.637299089172,28848.073069161655 
PLINE 30168.637299089172,28848.073069161655 30168.637299089172,28954.27391969608 
PLINE NaN,25854.27391969608 NaN,25654.27391969608 
PLINE 36798.44933591422,28754.27391969608 36798.44933591422,28848.073069161655 
PLINE 36798.44933591422,28848.073069161655 36798.44933591422,28954.27391969608 
PLINE 23194.0164988504,22504.74975372059 23194.0164988504,22618.936826892423 
PLINE 23194.0164988504,22618.936826892423 23194.0164988504,24857.7794390709 
PLINE 23194.0164988504,24857.7794390709 23194.0164988504,28848.073069161655 
PLINE 23194.0164988504,28848.073069161655 23194.0164988504,28954.74975372061 
PLINE 23187.018792010233,14211.153131593936 23187.018792010233,14553.78943347985 
PLINE 23187.018792010233,14553.78943347985 23187.018792010233,18603.78943347985 
PLINE 23187.018792010233,18603.78943347985 23187.018792010233,20438.101774306157 
PLINE 23187.018792010233,20438.101774306157 23187.018792010233,20552.62717926539 
PLINE 29775.32610388221,14211.153131593936 29775.32610388221,14554.05319873215 
PLINE 29775.32610388221,14554.05319873215 29775.32610388221,19804.05319873215 
PLINE 29775.32610388221,19804.05319873215 29775.32610388221,20354.53768494837 
PLINE 29775.32610388221,20354.53768494837 29775.32610388221,20438.101774306157 
PLINE 35344.74022054534,22504.27384145826 35344.74022054534,22618.936826892423 
PLINE 35344.74022054534,22618.936826892423 35344.74022054534,22704.27384145826 
PLINE 33844.87450518545,22504.27384535356 33844.87450518545,22618.936826892423 
PLINE 33844.87450518545,22618.936826892423 33844.87450518545,22704.27384535356 
PLINE 47536.31731784449,17229.27391969607 47536.31731784449,17327.957496368905 
PLINE 47536.31731784449,17327.957496368905 47536.31731784449,17429.27391969607 
PLINE 49036.3173178445,17219.3033299903 49036.3173178445,17327.957496368905 
PLINE 49036.3173178445,17327.957496368905 49036.3173178445,17419.30332999031 
PLINE 90795.09031888282,22503.1216919451 90795.09031888282,22625.982934541462 
PLINE 90795.09031888282,22625.982934541462 90795.09031888282,22703.1216919451 
PLINE 21608.51697644836,22501.42080228167 21608.51697644836,22618.936826892423 
PLINE 21608.51697644836,22618.936826892423 21608.51697644836,22701.42080228167 
PLINE 18158.51697644838,22504.27391969603 18158.51697644838,22618.936826892423 
PLINE 18158.51697644838,22618.936826892423 18158.51697644838,22701.42080228167 
PLINE 29418.63729908916,28754.27391969608 29418.63729908916,28848.073069161655 
PLINE 29418.63729908916,28848.073069161655 29418.63729908916,28954.27391969608 
PLINE 43368.63729908916,28754.27391969608 43368.63729908916,28848.073069161655 
PLINE 43368.63729908916,28848.073069161655 43368.63729908916,28954.27391969608 
PLINE 41102.17519572535,12604.273081999296 41193.63729908916,12604.273081999296 
PLINE 41193.63729908916,12604.273081999296 41285.65033534594,12604.273081999296 
PLINE 41285.65033534594,12604.273081999296 48112.38997379316,12604.273081999296 
PLINE 48112.38997379316,12604.273081999296 48193.63729908916,12604.273081999296 
PLINE 48193.63729908916,12604.273081999296 48276.967599940086,12604.273081999296 
PLINE 5068.637299089165,14104.27391969606 5181.287520468039,14104.27391969606 
PLINE 5181.287520468039,14104.27391969606 5369.264458145173,14104.27391969606 
PLINE 5369.264458145173,14104.27391969606 5518.637299089165,14104.27391969606 
PLINE 5068.637299089165,14554.27391969606 5181.287520468039,14554.27391969606 
PLINE 5181.287520468039,14554.27391969606 5518.637299089165,14554.27391969606 
PLINE 98868.63729908918,14104.27391969606 99166.51567831328,14104.27391969606 
PLINE 99166.51567831328,14104.27391969606 99203.63729908915,14104.27391969606 
PLINE 99203.63729908915,14104.27391969606 99318.63729908918,14104.27391969606 
PLINE 98868.63729908918,14554.27391969606 99203.63729908915,14554.27391969606 
PLINE 99203.63729908915,14554.27391969606 99318.63729908918,14554.27391969606 
PLINE 89220.09031888277,22625.982934541462 89333.74073446264,22625.982934541462 
PLINE 89333.74073446264,22625.982934541462 90795.09031888282,22625.982934541462 
PLINE 90795.09031888282,22625.982934541462 92485.43610232654,22625.982934541462 
PLINE 92485.43610232654,22625.982934541462 98809.89542563212,22625.982934541462 
PLINE 98809.89542563212,22625.982934541462 99203.63729908915,22625.982934541462 
PLINE 99203.63729908915,22625.982934541462 99318.63729908918,22625.982934541462 
PLINE 77291.38958118277,22611.89978499943 77384.40996744017,22611.89978499943 
PLINE 77384.40996744017,22611.89978499943 79307.70801083012,22611.89978499943 
PLINE 79307.70801083012,22611.89978499943 84168.63729908914,22611.89978499943 
PLINE 84168.63729908914,22611.89978499943 85875.16087346838,22611.89978499943 
PLINE 85875.16087346838,22611.89978499943 86118.63729908917,22611.89978499943 
PLINE 13068.63729908916,14211.153131593936 13318.715643965907,14211.153131593936 
PLINE 13318.715643965907,14211.153131593936 16143.637299089161,14211.153131593936 
PLINE 16143.637299089161,14211.153131593936 17043.63729908916,14211.153131593936 
PLINE 17043.63729908916,14211.153131593936 19562.754946147987,14211.153131593936 
PLINE 19562.754946147987,14211.153131593936 20224.51965203034,14211.153131593936 
PLINE 20224.51965203034,14211.153131593936 22743.637299089158,14211.153131593936 
PLINE 22743.637299089158,14211.153131593936 23187.018792010233,14211.153131593936 
PLINE 23187.018792010233,14211.153131593936 23643.637299089165,14211.153131593936 
PLINE 23643.637299089165,14211.153131593936 26493.637299089158,14211.153131593936 
PLINE 26493.637299089158,14211.153131593936 29343.63729908917,14211.153131593936 
PLINE 29343.63729908917,14211.153131593936 29775.32610388221,14211.153131593936 
PLINE 29775.32610388221,14211.153131593936 30243.63729908916,14211.153131593936 
PLINE 30243.63729908916,14211.153131593936 32762.754946147983,14211.153131593936 
PLINE 32762.754946147983,14211.153131593936 33424.519652030336,14211.153131593936 
PLINE 33424.519652030336,14211.153131593936 35943.63729908916,14211.153131593936 
PLINE 35943.63729908916,14211.153131593936 36843.637299089154,14211.153131593936 
PLINE 36843.637299089154,14211.153131593936 39620.056394127554,14211.153131593936 
PLINE 39620.056394127554,14211.153131593936 39670.665778487506,14211.153131593936 
PLINE 39670.665778487506,14211.153131593936 39821.2338361727,14211.153131593936 
PLINE 39821.2338361727,14211.153131593936 39918.63729908915,14211.153131593936 
PLINE 46068.63729908916,14104.27391969606 46068.63729908916,14104.27391969606 
PLINE 46068.63729908916,14104.27391969606 46518.63729908916,14104.27391969606 
PLINE 46518.63729908916,14104.27391969606 46518.63729908916,14104.27391969606 
PLINE 46068.63729908916,14554.27391969606 46068.63729908916,14554.27391969606 
PLINE 46068.63729908916,14554.27391969606 46518.63729908916,14554.27391969606 
PLINE 46518.63729908916,14554.27391969606 46518.63729908916,14554.27391969606 
PLINE 3568.637299089165,22618.936826892423 3568.637299089165,22618.936826892423 
PLINE 3568.637299089165,22618.936826892423 5181.287520468039,22618.936826892423 
PLINE 5181.287520468039,22618.936826892423 5905.103464502699,22618.936826892423 
PLINE 5905.103464502699,22618.936826892423 9994.811229902414,22618.936826892423 
PLINE 9994.811229902414,22618.936826892423 13068.637299089158,22618.936826892423 
PLINE 13068.637299089158,22618.936826892423 13518.637299089158,22618.936826892423 
PLINE 13518.637299089158,22618.936826892423 14518.80198938848,22618.936826892423 
PLINE 14518.80198938848,22618.936826892423 16564.825104178257,22618.936826892423 
PLINE 16564.825104178257,22618.936826892423 18158.51697644838,22618.936826892423 
PLINE 18158.51697644838,22618.936826892423 19883.033900562685,22618.936826892423 
PLINE 19883.033900562685,22618.936826892423 21608.51697644836,22618.936826892423 
PLINE 21608.51697644836,22618.936826892423 23194.0164988504,22618.936826892423 
PLINE 23194.0164988504,22618.936826892423 26268.63729908916,22618.936826892423 
PLINE 26268.63729908916,22618.936826892423 26718.63729908916,22618.936826892423 
PLINE 26718.63729908916,22618.936826892423 30827.40829296126,22618.936826892423 
PLINE 30827.40829296126,22618.936826892423 32327.40829296127,22618.936826892423 
PLINE 32327.40829296127,22618.936826892423 33089.240027486354,22618.936826892423 
PLINE 33089.240027486354,22618.936826892423 33844.87450518545,22618.936826892423 
PLINE 33844.87450518545,22618.936826892423 35344.74022054534,22618.936826892423 
PLINE 35344.74022054534,22618.936826892423 39690.058441283756,22618.936826892423 
PLINE 39690.058441283756,22618.936826892423 40398.28860638686,22618.936826892423 
PLINE 40398.28860638686,22618.936826892423 41898.28860638686,22618.936826892423 
PLINE 41898.28860638686,22618.936826892423 46301.415076866935,22618.936826892423 
PLINE 46301.415076866935,22618.936826892423 50713.567253046,22618.936826892423 
PLINE 50713.567253046,22618.936826892423 52213.567253046,22618.936826892423 
PLINE 52213.567253046,22618.936826892423 52893.00545381769,22618.936826892423 
PLINE 52893.00545381769,22618.936826892423 57768.63729908916,22618.936826892423 
PLINE 57768.63729908916,22618.936826892423 59493.637299089176,22618.936826892423 
PLINE 59493.637299089176,22618.936826892423 61218.63729908913,22618.936826892423 
PLINE 61218.63729908913,22618.936826892423 62793.63729908914,22618.936826892423 
PLINE 62793.63729908914,22618.936826892423 66093.63729908913,22618.936826892423 
PLINE 66093.63729908913,22618.936826892423 70968.63729908917,22618.936826892423 
PLINE 70968.63729908917,22618.936826892423 72668.44932916436,22618.936826892423 
PLINE 72668.44932916436,22618.936826892423 74602.06316520147,22618.936826892423 
PLINE 74602.06316520147,22618.936826892423 74702.82206325636,22618.936826892423 
PLINE 49493.63729908916,20448.015826585044 49612.24195025193,20448.015826585044 
PLINE 49612.24195025193,20448.015826585044 51493.63729908916,20448.015826585044 
PLINE 51493.63729908916,20448.015826585044 52668.63729908916,20448.015826585044 
PLINE 52668.63729908916,20448.015826585044 53118.63729908916,20448.015826585044 
PLINE 53118.63729908916,20448.015826585044 57468.63729908913,20448.015826585044 
PLINE 57468.63729908913,20448.015826585044 59493.63346680211,20448.015826585044 
PLINE 59493.63346680211,20448.015826585044 61518.63729908916,20448.015826585044 
PLINE 61518.63729908916,20448.015826585044 62798.50644994108,20448.015826585044 
PLINE 62798.50644994108,20448.015826585044 65868.63729908913,20448.015826585044 
PLINE 65868.63729908913,20448.015826585044 66318.63729908913,20448.015826585044 
PLINE 66318.63729908913,20448.015826585044 70968.63729908917,20448.015826585044 
PLINE 70968.63729908917,20448.015826585044 72693.63729908918,20448.015826585044 
PLINE 72693.63729908918,20448.015826585044 74418.63729908915,20448.015826585044 
PLINE 74418.63729908915,20448.015826585044 79107.0988375507,20448.015826585044 
PLINE 79107.0988375507,20448.015826585044 79518.63729908917,20448.015826585044 
PLINE 79518.63729908917,20448.015826585044 84168.63729908915,20448.015826585044 
PLINE 84168.63729908915,20448.015826585044 85875.16087346838,20448.015826585044 
PLINE 85875.16087346838,20448.015826585044 89107.8860550402,20448.015826585044 
PLINE 89107.8860550402,20448.015826585044 89193.63729908917,20448.015826585044 
PLINE 79068.63729908917,28847.598592808023 79307.70801083012,28847.598592808023 
PLINE 79307.70801083012,28847.598592808023 79327.96055434538,28847.598592808023 
PLINE 79327.96055434538,28847.598592808023 82218.63729908917,28847.598592808023 
PLINE 82218.63729908917,28847.598592808023 82968.63729908917,28847.598592808023 
PLINE 82968.63729908917,28847.598592808023 85875.16087346838,28847.598592808023 
PLINE 85875.16087346838,28847.598592808023 87617.71177136297,28847.598592808023 
PLINE 87617.71177136297,28847.598592808023 89333.74073446264,28847.598592808023 
PLINE 89333.74073446264,28847.598592808023 92485.43610232654,28847.598592808023 
PLINE 92485.43610232654,28847.598592808023 95418.63729908915,28847.598592808023 
PLINE 95418.63729908915,28847.598592808023 96167.88652690576,28847.598592808023 
PLINE 96167.88652690576,28847.598592808023 98753.92257212721,28847.598592808023 
PLINE 98753.92257212721,28847.598592808023 99318.63729908918,28847.598592808023 
PLINE 99318.63729908918,28847.598592808023 102204.18700245285,28847.598592808023 
PLINE 102204.18700245285,28847.598592808023 105187.87177190204,28847.598592808023 
PLINE 105187.87177190204,28847.598592808023 105620.0746993368,28847.598592808023 
PLINE 5768.637299089165,28848.073069161655 5905.103464502699,28848.073069161655 
PLINE 5905.103464502699,28848.073069161655 8918.637299089167,28848.073069161655 
PLINE 8918.637299089167,28848.073069161655 10368.63729908916,28848.073069161655 
PLINE 10368.63729908916,28848.073069161655 12927.460828500925,28848.073069161655 
PLINE 12927.460828500925,28848.073069161655 13659.813769677396,28848.073069161655 
PLINE 13659.813769677396,28848.073069161655 16564.825104178257,28848.073069161655 
PLINE 16564.825104178257,28848.073069161655 19883.033900562685,28848.073069161655 
PLINE 19883.033900562685,28848.073069161655 23194.0164988504,28848.073069161655 
PLINE 23194.0164988504,28848.073069161655 26127.460828500934,28848.073069161655 
PLINE 26127.460828500934,28848.073069161655 26810.944991396856,28848.073069161655 
PLINE 26810.944991396856,28848.073069161655 29418.63729908916,28848.073069161655 
PLINE 29418.63729908916,28848.073069161655 30168.637299089172,28848.073069161655 
PLINE 30168.637299089172,28848.073069161655 33089.240027486354,28848.073069161655 
PLINE 33089.240027486354,28848.073069161655 36018.63729908916,28848.073069161655 
PLINE 36018.63729908916,28848.073069161655 36798.44933591422,28848.073069161655 
PLINE 36798.44933591422,28848.073069161655 39690.058441283756,28848.073069161655 
PLINE 39690.058441283756,28848.073069161655 42618.63729908916,28848.073069161655 
PLINE 42618.63729908916,28848.073069161655 43368.63729908916,28848.073069161655 
PLINE 43368.63729908916,28848.073069161655 46301.415076866935,28848.073069161655 
PLINE 46301.415076866935,28848.073069161655 49218.63729908916,28848.073069161655 
PLINE 49218.63729908916,28848.073069161655 49968.637299089154,28848.073069161655 
PLINE 49968.637299089154,28848.073069161655 52893.00545381769,28848.073069161655 
PLINE 52893.00545381769,28848.073069161655 55818.637299089154,28848.073069161655 
PLINE 55818.637299089154,28848.073069161655 56568.637299089154,28848.073069161655 
PLINE 56568.637299089154,28848.073069161655 59493.637299089176,28848.073069161655 
PLINE 59493.637299089176,28848.073069161655 62793.63729908914,28848.073069161655 
PLINE 62793.63729908914,28848.073069161655 65727.4608285009,28848.073069161655 
PLINE 65727.4608285009,28848.073069161655 66459.81376967736,28848.073069161655 
PLINE 66459.81376967736,28848.073069161655 69018.63729908914,28848.073069161655 
PLINE 69018.63729908914,28848.073069161655 69768.63729908915,28848.073069161655 
PLINE 69768.63729908915,28848.073069161655 72659.70980212787,28848.073069161655 
PLINE 72659.70980212787,28848.073069161655 72668.44932916436,28848.073069161655 
PLINE 72668.44932916436,28848.073069161655 72918.63729908917,28848.073069161655 
PLINE 49416.940372539364,14209.877473096265 49493.63729908916,14209.877473096265 
PLINE 49493.63729908916,14209.877473096265 49614.9734639663,14209.877473096265 
PLINE 49614.9734639663,14209.877473096265 49612.24195025193,14209.877473096265 
PLINE 49612.24195025193,14209.877473096265 52562.754946147994,14209.877473096265 
PLINE 52562.754946147994,14209.877473096265 53224.519652030336,14209.877473096265 
PLINE 53224.519652030336,14209.877473096265 55743.63729908917,14209.877473096265 
PLINE 55743.63729908917,14209.877473096265 56643.63729908915,14209.877473096265 
PLINE 56643.63729908915,14209.877473096265 59493.63346680211,14209.877473096265 
PLINE 59493.63346680211,14209.877473096265 62798.50644994108,14209.877473096265 
PLINE 62798.50644994108,14209.877473096265 65762.75494614795,14209.877473096265 
PLINE 65762.75494614795,14209.877473096265 66424.5196520303,14209.877473096265 
PLINE 66424.5196520303,14209.877473096265 68943.63729908913,14209.877473096265 
PLINE 68943.63729908913,14209.877473096265 69843.63729908913,14209.877473096265 
PLINE 69843.63729908913,14209.877473096265 72693.63729908918,14209.877473096265 
PLINE 72693.63729908918,14209.877473096265 75543.63729908917,14209.877473096265 
PLINE 75543.63729908917,14209.877473096265 76443.63729908917,14209.877473096265 
PLINE 76443.63729908917,14209.877473096265 78962.754946148,14209.877473096265 
PLINE 78962.754946148,14209.877473096265 79624.51965203034,14209.877473096265 
PLINE 79624.51965203034,14209.877473096265 82143.63729908915,14209.877473096265 
PLINE 82143.63729908915,14209.877473096265 83043.63729908915,14209.877473096265 
PLINE 83043.63729908915,14209.877473096265 85875.16087346838,14209.877473096265 
PLINE 85875.16087346838,14209.877473096265 89100.65621687705,14209.877473096265 
PLINE 89100.65621687705,14209.877473096265 89868.63729908816,14209.877473096265 
PLINE 89868.63729908816,14209.877473096265 92299.70118791831,14209.877473096265 
PLINE 92299.70118791831,14209.877473096265 92392.28205110758,14209.877473096265 
PLINE 92392.28205110758,14209.877473096265 92718.63729908915,14209.877473096265 
PLINE 3568.637299089165,20440.249529452172 3568.637299089165,20440.249529452172 
PLINE 3568.637299089165,20440.249529452172 5181.287520468039,20440.249529452172 
PLINE 5181.287520468039,20440.249529452172 5518.637299089165,20440.249529452172 
PLINE 9768.637299089163,20438.101774306157 9994.811229902414,20438.101774306157 
PLINE 9994.811229902414,20438.101774306157 10718.63729908916,20438.101774306157 
PLINE 10718.63729908916,20438.101774306157 11918.63729908916,20438.101774306157 
PLINE 11918.63729908916,20438.101774306157 13318.715643965907,20438.101774306157 
PLINE 13318.715643965907,20438.101774306157 15318.63729908916,20438.101774306157 
PLINE 15318.63729908916,20438.101774306157 19668.63729908916,20438.101774306157 
PLINE 19668.63729908916,20438.101774306157 20118.63729908916,20438.101774306157 
PLINE 20118.63729908916,20438.101774306157 23187.018792010233,20438.101774306157 
PLINE 23187.018792010233,20438.101774306157 24468.63729908916,20438.101774306157 
PLINE 24468.63729908916,20438.101774306157 26493.637299089158,20438.101774306157 
PLINE 26493.637299089158,20438.101774306157 28518.637299089172,20438.101774306157 
PLINE 28518.637299089172,20438.101774306157 29775.32610388221,20438.101774306157 
PLINE 29775.32610388221,20438.101774306157 32868.63729908916,20438.101774306157 
PLINE 32868.63729908916,20438.101774306157 33318.63729908916,20438.101774306157 
PLINE 33318.63729908916,20438.101774306157 37668.63729908916,20438.101774306157 
PLINE 37668.63729908916,20438.101774306157 39670.665778487506,20438.101774306157 
PLINE 39670.665778487506,20438.101774306157 46068.63729908916,20438.101774306157 
PLINE 46068.63729908916,20438.101774306157 46518.63729908916,20438.101774306157 
PLINE 46518.63729908916,20438.101774306157 46518.63729908916,20438.101774306157 
PLINE 9768.637299089163,14104.27391969606 9840.368504789129,14104.27391969606 
PLINE 9840.368504789129,14104.27391969606 9994.811229902414,14104.27391969606 
PLINE 9994.811229902414,14104.27391969606 10218.637299089163,14104.27391969606 
PLINE 9768.637299089163,14646.581612003749 9994.811229902414,14646.581612003749 
PLINE 9994.811229902414,14646.581612003749 10218.637299089163,14646.581612003749 
PLINE 9994.811229902414,16692.899483190264 10094.38896496518,16692.899483190264 
PLINE 10094.38896496518,16692.899483190264 11043.63729908916,16692.899483190264 
PLINE 11043.63729908916,16692.899483190264 12243.637299089147,16692.899483190264 
PLINE 12243.637299089147,16692.899483190264 13171.0177831484,16692.899483190264 
PLINE 13171.0177831484,16692.899483190264 13318.715643965907,16692.899483190264 
PLINE 92393.63729908918,24899.61465923733 92485.43610232654,24899.61465923733 
PLINE 92485.43610232654,24899.61465923733 92593.63729908915,24899.61465923733 
PLINE 39670.665778487506,17327.957496368905 39793.63729908916,17327.957496368905 
PLINE 39793.63729908916,17327.957496368905 47536.31731784449,17327.957496368905 
PLINE 47536.31731784449,17327.957496368905 49036.3173178445,17327.957496368905 
PLINE 49036.3173178445,17327.957496368905 49491.38736388768,17327.957496368905 
PLINE 49491.38736388768,17327.957496368905 49612.24195025193,17327.957496368905 
PLINE 62693.63729908913,24204.27391969602 62793.63729908914,24204.27391969602 
PLINE 62793.63729908914,24204.27391969602 62893.63729908915,24204.27391969602 
PLINE 92268.63729908915,18829.448744870886 92392.28205110758,18829.448744870886 
PLINE 92392.28205110758,18829.448744870886 99203.63729908915,18829.448744870886 
PLINE 99203.63729908915,18829.448744870886 99318.63729908918,18829.448744870886 
PLINE 99118.63729908915,17729.27391969606 99203.63729908915,17729.27391969606 
PLINE 99203.63729908915,17729.27391969606 99318.63729908915,17729.27391969606 
PLINE 99118.63729908915,15329.273919696057 99203.63729908915,15329.273919696057 
PLINE 99203.63729908915,15329.273919696057 99318.63729908915,15329.273919696057 
PLINE 92268.63729908915,17004.27391969606 92392.28205110758,17004.27391969606 
PLINE 92392.28205110758,17004.27391969606 92468.63729908915,17004.27391969606 
PLINE 85875.16087346838,15547.015855179929 85993.63729908917,15547.015855179929 
PLINE 85993.63729908917,15547.015855179929 89100.65621687705,15547.015855179929 
PLINE 89100.65621687705,15547.015855179929 89193.63729908917,15547.015855179929 
PLINE 85875.16087346838,17954.27391969606 85993.63729908917,17954.27391969606 
PLINE 85993.63729908917,17954.27391969606 88993.63729908915,17954.27391969606 
PLINE 88993.63729908915,17954.27391969606 89104.70911299941,17954.27391969606 
PLINE 88993.63729908915,19752.45826404459 89107.8860550402,19752.45826404459 
PLINE 89107.8860550402,19752.45826404459 89193.63729908917,19752.45826404459 
PLINE 88993.63729908915,17454.27391969606 89104.70911299941,17454.27391969606 
PLINE 89104.70911299941,17454.27391969606 89193.63729908917,17454.27391969606 
PLINE 88993.63729908915,16254.273919696057 89100.65621687705,16254.273919696057 
PLINE 89100.65621687705,16254.273919696057 89193.63729908917,16254.273919696057 
PLINE 88993.63729908915,18457.4682906511 89104.70911299941,18457.4682906511 
PLINE 89104.70911299941,18457.4682906511 89193.63729908917,18457.4682906511 
PLINE 73893.63729908917,30033.709823449248 73937.66254203407,30033.709823449248 
PLINE 73937.66254203407,30033.709823449248 75988.69596335736,30033.709823449248 
PLINE 75988.69596335736,30033.709823449248 78054.23951356477,30033.709823449248 
PLINE 78054.23951356477,30033.709823449248 78098.35400444057,30033.709823449248 
PLINE 72668.44932916436,24730.66327158302 72793.63729908917,24730.66327158302 
PLINE 72793.63729908917,24730.66327158302 73390.52896361846,24730.66327158302 
PLINE 73390.52896361846,24730.66327158302 74602.06316520147,24730.66327158302 
PLINE 74602.06316520147,24730.66327158302 75988.69596335736,24730.66327158302 
PLINE 75988.69596335736,24730.66327158302 77384.40996744017,24730.66327158302 
PLINE 77384.40996744017,24730.66327158302 78494.72396806977,24730.66327158302 
PLINE 78494.72396806977,24730.66327158302 79193.86425657547,24730.66327158302 
PLINE 79193.86425657547,24730.66327158302 79307.70801083012,24730.66327158302 
PLINE 16470.63118070088,24845.89849364704 16564.825104178257,24845.89849364704 
PLINE 16564.825104178257,24845.89849364704 16670.63118070085,24845.89849364704 
PLINE 23091.84521093282,24857.7794390709 23194.0164988504,24857.7794390709 
PLINE 23194.0164988504,24857.7794390709 23291.84521093279,24857.7794390709 
PLINE 23087.58868484127,18603.78943347985 23187.018792010233,18603.78943347985 
PLINE 23187.018792010233,18603.78943347985 23287.58868484127,18603.78943347985 
PLINE 29675.32610388221,19804.05319873215 29775.32610388221,19804.05319873215 
PLINE 29775.32610388221,19804.05319873215 29875.32610388221,19804.05319873215 
PLINE 62701.07903378323,19536.81541462378 62798.50644994108,19536.81541462378 
PLINE 62798.50644994108,19536.81541462378 62901.07903378323,19536.81541462378 
PLINE 62701.07903378323,18336.81541462378 62798.50644994108,18336.81541462378 
PLINE 62798.50644994108,18336.81541462378 62901.07903378323,18336.81541462378 
PLINE 9893.637299089163,16054.273919696057 9994.811229902414,16054.273919696057 
PLINE 9994.811229902414,16054.273919696057 10093.637299089163,16054.273919696057 
PLINE 39670.665778487506,14376.368975677331 39821.2338361727,14211.153131593936 
PLINE 39821.2338361727,14211.153131593936 39918.63729908915,14104.27391969607 
PLINE 39918.63729908915,14104.27391969607 41194.51896253245,12704.2700329684 
PLINE 41194.51896253245,12704.2700329684 41285.65033534594,12604.273081999296 
PLINE 39620.056394127554,14211.153131593936 39670.665778487506,14156.283569206222 
PLINE 39670.665778487506,14156.283569206222 39718.63729908916,14104.27391969607 
PLINE 39718.63729908916,14104.27391969607 41102.17519572535,12604.273081999296 
PLINE 41102.17519572535,12604.273081999296 41194.40749556758,12504.27688575313 
PLINE 5181.287520468039,14267.898303020815 5369.264458145173,14104.27391969606 
PLINE 5369.264458145173,14104.27391969606 5366.32790651865,14106.83003883987 
PLINE 5366.32790651865,14106.83003883987 7770.003157125892,12014.55273368923 
PLINE 7770.003157125892,12014.55273368923 9994.811229902414,10077.970228290356 
PLINE 9994.811229902414,10077.970228290356 10254.467242075716,9851.95284874673 
PLINE 92299.70118791831,14209.877473096265 92392.28205110758,14129.115443505623 
PLINE 92392.28205110758,14129.115443505623 92420.75891986486,14104.27391969607 
PLINE 92420.75891986486,14104.27391969607 95793.63729908917,11161.975759096196 
PLINE 95793.63729908917,11161.975759096196 95945.75891986491,11029.27391969607 
PLINE 8717.690303217127,13042.14178757911 8753.209757332137,13006.951328938003 
PLINE 8753.209757332137,13006.951328938003 8788.729211447144,12971.7608702969 
PLINE 7800.755178372273,12331.75270527894 7943.829208586573,12190.00388429281 
PLINE 7943.829208586573,12190.00388429281 8086.903238800882,12048.25506330667 
PLINE 102204.18700245285,28847.598592808023 102293.2888770843,28754.27391969608 
PLINE 102293.2888770843,28754.27391969608 102850.41535607382,28170.743587155303 
PLINE 102850.41535607382,28170.743587155303 103642.99781122986,27340.598330979294 
PLINE 103642.99781122986,27340.598330979294 103713.5446584218,27266.70806233457 
PLINE 77951.61676032857,30129.27391969608 78054.23951356477,30033.709823449248 
PLINE 78054.23951356477,30033.709823449248 79215.3745432005,28952.44064845171 
PLINE 79215.3745432005,28952.44064845171 79307.70801083012,28866.458114275752 
PLINE 79307.70801083012,28866.458114275752 79327.96055434538,28847.598592808023 
PLINE 48112.38997379316,12604.273081999296 48193.63729908916,12704.2700329684 
PLINE 48193.63729908916,12704.2700329684 49416.940372539364,14209.877473096265 
PLINE 49416.940372539364,14209.877473096265 49493.63729908916,14304.27391969606 
PLINE 49493.63729908916,14304.27391969606 49612.24195025193,14450.24922957638 
PLINE 48193.63729908916,12504.27688575313 48276.967599940086,12604.273081999296 
PLINE 48276.967599940086,12604.273081999296 49526.97035778712,14104.27391969607 
PLINE 49526.97035778712,14104.27391969607 49612.24195025193,14206.599662040244 
PLINE 49612.24195025193,14206.599662040244 49614.9734639663,14209.877473096265 
PLINE 98809.89542563212,22625.982934541462 98855.91540005429,22670.87469611494 
PLINE 98855.91540005429,22670.87469611494 99203.63729908915,23010.07194212271 
PLINE 99203.63729908915,23010.07194212271 103642.99781122986,27340.598330979294 
PLINE 103642.99781122986,27340.598330979294 105187.87177190204,28847.598592808023 
PLINE 105187.87177190204,28847.598592808023 105297.2280467016,28954.27391969608 
PLINE 95641.51567831344,11029.27391969607 95793.63729908917,11161.975759096196 
PLINE 95793.63729908917,11161.975759096196 99166.51567831328,14104.27391969606 
PLINE 99166.51567831328,14104.27391969606 99166.51567831331,14104.27391969607 
PLINE 99166.51567831331,14104.27391969607 99203.63729908915,14136.65661016012 
PLINE 7770.003157125892,12014.55273368923 7803.393322207581,12048.25506330667 
PLINE 7803.393322207581,12048.25506330667 7943.829208586573,12190.00388429281 
PLINE 7943.829208586573,12190.00388429281 8753.209757332137,13006.951328938003 
PLINE 8753.209757332137,13006.951328938003 9840.368504789129,14104.27391969606 
PLINE 9840.368504789129,14104.27391969606 9840.36850478914,14104.27391969607 
PLINE 9840.36850478914,14104.27391969607 9994.811229902414,14260.160529302491 
PLINE 102814.25130134741,28136.21590050018 102850.41535607382,28170.743587155303 
PLINE 102850.41535607382,28170.743587155303 102886.57941080011,28205.27127381027 
PLINE 72659.70980212787,28848.073069161655 72668.44932916436,28856.181275471623 
PLINE 72668.44932916436,28856.181275471623 72771.60715334097,28951.88724644916 
PLINE 72771.60715334097,28951.88724644916 73937.66254203407,30033.709823449248 
PLINE 73937.66254203407,30033.709823449248 74040.66744483728,30129.27391969608 
