
PLINE 62798.50644994108,20354.27391969606 62798.50644994108,20448.015826585044 62798.50644994108,20448.015826585044 61518.63729908916,20448.015826585044 61518.63729908916,20448.015826585044 59493.63346680211,20448.015826585044 59493.63346680211,20448.015826585044 59493.63346680211,14209.877473096265 59493.63346680211,14209.877473096265 62798.50644994108,14209.877473096265 62798.50644994108,14209.877473096265 62798.50644994108,18336.81541462378 
 62798.50644994108,18336.81541462378 62798.50644994108,19536.81541462378 62798.50644994108,19536.81541462378 62798.50644994108,20354.27391969606 

PLINE 22743.637299089158,14211.153131593936 22743.637299089158,14304.27391969606 23187.018792010233,14553.78943347985 23187.018792010233,18603.78943347985 23187.018792010233,18603.78943347985 23187.018792010233,20438.101774306157 23187.018792010233,20438.101774306157 24468.63729908916,20438.101774306157 24468.63729908916,20438.101774306157 26493.637299089158,20438.101774306157 26493.637299089158,20438.101774306157 26493.637299089158,14211.153131593936 
 26493.637299089158,14211.153131593936 23643.637299089165,14211.153131593936 23187.018792010233,14211.153131593936 22743.637299089158,14211.153131593936 

PLINE 29775.32610388221,14211.153131593936 30243.63729908916,14211.153131593936 30243.63729908916,14211.153131593936 30243.63729908916,14304.273919696061 29775.32610388221,14554.05319873215 29775.32610388221,19804.05319873215 29775.32610388221,19804.05319873215 29775.32610388221,20354.53768494837 29775.32610388221,20438.101774306157 28518.637299089172,20438.101774306157 28518.637299089172,20438.101774306157 26493.637299089158,20438.101774306157 
 26493.637299089158,20438.101774306157 26493.637299089158,14211.153131593936 26493.637299089158,14211.153131593936 29343.63729908917,14211.153131593936 

PLINE 13068.637299089158,22618.936826892423 13518.637299089158,22618.936826892423 13518.637299089158,22618.936826892423 14518.80198938848,22618.936826892423 14518.80198938848,22618.936826892423 16564.825104178257,22618.936826892423 16564.825104178257,22618.936826892423 16564.825104178257,24845.89849364704 16564.825104178257,24845.89849364704 16564.825104178257,28848.073069161655 16564.825104178257,28848.073069161655 13659.813769677396,28848.073069161655 
 13659.813769677396,28848.073069161655 12927.460828500925,28848.073069161655 12927.460828500925,28848.073069161655 10368.63729908916,28848.073069161655 10368.63729908916,28848.073069161655 8918.637299089167,28848.073069161655 8918.637299089167,28848.073069161655 5905.103464502699,28848.073069161655 5905.103464502699,28848.073069161655 5905.103464502699,22618.936826892423 5905.103464502699,22618.936826892423 9994.811229902414,22618.936826892423 
 9994.811229902414,22618.936826892423 13068.637299089158,22618.936826892423 

PLINE 26268.63729908916,22618.936826892423 26718.63729908916,22618.936826892423 26718.63729908916,22618.936826892423 30827.40829296126,22618.936826892423 30827.40829296126,22618.936826892423 32327.40829296127,22618.936826892423 32327.40829296127,22618.936826892423 33089.240027486354,22618.936826892423 33089.240027486354,22618.936826892423 33089.240027486354,28848.073069161655 33089.240027486354,28848.073069161655 30168.637299089172,28848.073069161655 
 30168.637299089172,28848.073069161655 29418.63729908916,28848.073069161655 29418.63729908916,28848.073069161655 26810.944991396856,28848.073069161655 26810.944991396856,28848.073069161655 26127.460828500934,28848.073069161655 26127.460828500934,28848.073069161655 23194.0164988504,28848.073069161655 23194.0164988504,28848.073069161655 23194.0164988504,24857.7794390709 23194.0164988504,24857.7794390709 23194.0164988504,22618.936826892423 
 23194.0164988504,22618.936826892423 26268.63729908916,22618.936826892423 

PLINE 52668.63729908916,20448.015826585044 53118.63729908916,20448.015826585044 53118.63729908916,20448.015826585044 57468.63729908913,20448.015826585044 57468.63729908913,20448.015826585044 59493.63346680211,20448.015826585044 59493.63346680211,20448.015826585044 59493.63346680211,14209.877473096265 59493.63346680211,14209.877473096265 56643.63729908915,14209.877473096265 56643.63729908915,14209.877473096265 55743.63729908917,14209.877473096265 
 55743.63729908917,14209.877473096265 53224.519652030336,14209.877473096265 53224.519652030336,14209.877473096265 52562.754946147994,14209.877473096265 52562.754946147994,14209.877473096265 49612.24195025193,14209.877473096265 49612.24195025193,14450.24922957638 49612.24195025193,17327.957496368905 49612.24195025193,17327.957496368905 49612.24195025193,20448.015826585044 49612.24195025193,20448.015826585044 51493.63729908916,20448.015826585044 
 51493.63729908916,20448.015826585044 52668.63729908916,20448.015826585044 

PLINE 65868.63729908913,20448.015826585044 66318.63729908913,20448.015826585044 66318.63729908913,20448.015826585044 70968.63729908917,20448.015826585044 70968.63729908917,20448.015826585044 72693.63729908918,20448.015826585044 72693.63729908918,20448.015826585044 72693.63729908918,14209.877473096265 72693.63729908918,14209.877473096265 69843.63729908913,14209.877473096265 69843.63729908913,14209.877473096265 68943.63729908913,14209.877473096265 
 68943.63729908913,14209.877473096265 66424.5196520303,14209.877473096265 66424.5196520303,14209.877473096265 65762.75494614795,14209.877473096265 65762.75494614795,14209.877473096265 62798.50644994108,14209.877473096265 62798.50644994108,14209.877473096265 62798.50644994108,18336.81541462378 62798.50644994108,18336.81541462378 62798.50644994108,19536.81541462378 62798.50644994108,19536.81541462378 62798.50644994108,20354.27391969606 
 62798.50644994108,20448.015826585044 65868.63729908913,20448.015826585044 

PLINE 89333.74073446264,28847.598592808023 92485.43610232654,28847.598592808023 92485.43610232654,28847.598592808023 92485.43610232654,24899.61465923733 92485.43610232654,24899.61465923733 92485.43610232654,22625.982934541462 92485.43610232654,22625.982934541462 90795.09031888282,22625.982934541462 90795.09031888282,22625.982934541462 89333.74073446264,22625.982934541462 89333.74073446264,22625.982934541462 89333.74073446264,28847.598592808023 
 

PLINE 16564.825104178257,28848.073069161655 19883.033900562685,28848.073069161655 19883.033900562685,28848.073069161655 19883.033900562685,22618.936826892423 19883.033900562685,22618.936826892423 18158.51697644838,22618.936826892423 18158.51697644838,22618.936826892423 16564.825104178257,22618.936826892423 16564.825104178257,22618.936826892423 16564.825104178257,24845.89849364704 16564.825104178257,24845.89849364704 16564.825104178257,28848.073069161655 
 

PLINE 19883.033900562685,28848.073069161655 23194.0164988504,28848.073069161655 23194.0164988504,28848.073069161655 23194.0164988504,24857.7794390709 23194.0164988504,24857.7794390709 23194.0164988504,22618.936826892423 23194.0164988504,22618.936826892423 21608.51697644836,22618.936826892423 21608.51697644836,22618.936826892423 19883.033900562685,22618.936826892423 19883.033900562685,22618.936826892423 19883.033900562685,28848.073069161655 
 

PLINE 36798.44933591422,28848.073069161655 39690.058441283756,28848.073069161655 39690.058441283756,28848.073069161655 39690.058441283756,22618.936826892423 39690.058441283756,22618.936826892423 35344.74022054534,22618.936826892423 35344.74022054534,22618.936826892423 33844.87450518545,22618.936826892423 33844.87450518545,22618.936826892423 33089.240027486354,22618.936826892423 33089.240027486354,22618.936826892423 33089.240027486354,28848.073069161655 
 33089.240027486354,28848.073069161655 36018.63729908916,28848.073069161655 36018.63729908916,28848.073069161655 36798.44933591422,28848.073069161655 

PLINE 43368.63729908916,28848.073069161655 46301.415076866935,28848.073069161655 46301.415076866935,28848.073069161655 46301.415076866935,22618.936826892423 46301.415076866935,22618.936826892423 41898.28860638686,22618.936826892423 41898.28860638686,22618.936826892423 40398.28860638686,22618.936826892423 40398.28860638686,22618.936826892423 39690.058441283756,22618.936826892423 39690.058441283756,22618.936826892423 39690.058441283756,28848.073069161655 
 39690.058441283756,28848.073069161655 42618.63729908916,28848.073069161655 42618.63729908916,28848.073069161655 43368.63729908916,28848.073069161655 

PLINE 49968.637299089154,28848.073069161655 52893.00545381769,28848.073069161655 52893.00545381769,28848.073069161655 52893.00545381769,22618.936826892423 52893.00545381769,22618.936826892423 52213.567253046,22618.936826892423 52213.567253046,22618.936826892423 50713.567253046,22618.936826892423 50713.567253046,22618.936826892423 46301.415076866935,22618.936826892423 46301.415076866935,22618.936826892423 46301.415076866935,28848.073069161655 
 46301.415076866935,28848.073069161655 49218.63729908916,28848.073069161655 49218.63729908916,28848.073069161655 49968.637299089154,28848.073069161655 

PLINE 56568.637299089154,28848.073069161655 59493.637299089176,28848.073069161655 59493.637299089176,28848.073069161655 59493.637299089176,22618.936826892423 59493.637299089176,22618.936826892423 57768.63729908916,22618.936826892423 57768.63729908916,22618.936826892423 52893.00545381769,22618.936826892423 52893.00545381769,22618.936826892423 52893.00545381769,28848.073069161655 52893.00545381769,28848.073069161655 55818.637299089154,28848.073069161655 
 55818.637299089154,28848.073069161655 56568.637299089154,28848.073069161655 

PLINE 59493.637299089176,28848.073069161655 62793.63729908914,28848.073069161655 62793.63729908914,28848.073069161655 62793.63729908914,24204.27391969602 62793.63729908914,24204.27391969602 62793.63729908914,22618.936826892423 62793.63729908914,22618.936826892423 61218.63729908913,22618.936826892423 61218.63729908913,22618.936826892423 59493.637299089176,22618.936826892423 59493.637299089176,22618.936826892423 59493.637299089176,28848.073069161655 
 

PLINE 82143.63729908915,14209.877473096265 83043.63729908915,14209.877473096265 83043.63729908915,14209.877473096265 85875.16087346838,14209.877473096265 85875.16087346838,14209.877473096265 85875.16087346838,15547.015855179929 85875.16087346838,15547.015855179929 85875.16087346838,17954.27391969606 85875.16087346838,17954.27391969606 85875.16087346838,20448.015826585044 85875.16087346838,20448.015826585044 84168.63729908915,20448.015826585044 
 84168.63729908915,20448.015826585044 79518.63729908917,20448.015826585044 79107.0988375507,20448.015826585044 74418.63729908915,20448.015826585044 74418.63729908915,20448.015826585044 72693.63729908918,20448.015826585044 72693.63729908918,20448.015826585044 72693.63729908918,14209.877473096265 72693.63729908918,14209.877473096265 75543.63729908917,14209.877473096265 75543.63729908917,14209.877473096265 76443.63729908917,14209.877473096265 
 76443.63729908917,14209.877473096265 78962.754946148,14209.877473096265 78962.754946148,14209.877473096265 79624.51965203034,14209.877473096265 79624.51965203034,14209.877473096265 82143.63729908915,14209.877473096265 

PLINE 89868.63729908816,14209.877473096265 92299.70118791831,14209.877473096265 92392.28205110758,14209.877473096265 92392.28205110758,17004.27391969606 92392.28205110758,17004.27391969606 92392.28205110758,18829.448744870886 92392.28205110758,18829.448744870886 99203.63729908915,18829.448744870886 99203.63729908915,18829.448744870886 99203.63729908915,22625.982934541462 98809.89542563212,22625.982934541462 92485.43610232654,22625.982934541462 
 92485.43610232654,22625.982934541462 92485.43610232654,24899.61465923733 92485.43610232654,24899.61465923733 92485.43610232654,28847.598592808023 92485.43610232654,28847.598592808023 89333.74073446264,28847.598592808023 89333.74073446264,28847.598592808023 87617.71177136297,28847.598592808023 87617.71177136297,28847.598592808023 85875.16087346838,28847.598592808023 85875.16087346838,28847.598592808023 85875.16087346838,22611.89978499943 
 85875.16087346838,22611.89978499943 85875.16087346838,20448.015826585044 85875.16087346838,20448.015826585044 85875.16087346838,17954.27391969606 85875.16087346838,17954.27391969606 85875.16087346838,15547.015855179929 85993.63729908917,15547.015855179929 89100.65621687705,15547.015855179929 89100.65621687705,15547.015855179929 89100.65621687705,14304.27391969607 89100.65621687705,14209.877473096265 89868.63729908816,14209.877473096265 
 

PLINE 15318.63729908916,20438.101774306157 19668.63729908916,20438.101774306157 20118.63729908916,20438.101774306157 23187.018792010233,20438.101774306157 23187.018792010233,20438.101774306157 23187.018792010233,18603.78943347985 23187.018792010233,18603.78943347985 23187.018792010233,14553.78943347985 23187.018792010233,14211.153131593936 22743.637299089158,14211.153131593936 22743.637299089158,14211.153131593936 20224.51965203034,14211.153131593936 
 20224.51965203034,14211.153131593936 19562.754946147987,14211.153131593936 19562.754946147987,14211.153131593936 17043.63729908916,14211.153131593936 17043.63729908916,14211.153131593936 16143.637299089161,14211.153131593936 16143.637299089161,14211.153131593936 13318.715643965907,14211.153131593936 13318.715643965907,14211.153131593936 13318.715643965907,16692.899483190264 13318.715643965907,16692.899483190264 13318.715643965907,20438.101774306157 
 13318.715643965907,20438.101774306157 15318.63729908916,20438.101774306157 

PLINE 37668.63729908916,20438.101774306157 39670.665778487506,20438.101774306157 39670.665778487506,20438.101774306157 39670.665778487506,17327.957496368905 39670.665778487506,17327.957496368905 39670.665778487506,14376.368975677331 39620.056394127554,14211.153131593936 36843.637299089154,14211.153131593936 36843.637299089154,14211.153131593936 35943.63729908916,14211.153131593936 35943.63729908916,14211.153131593936 33424.519652030336,14211.153131593936 
 33424.519652030336,14211.153131593936 32762.754946147983,14211.153131593936 32762.754946147983,14211.153131593936 30243.63729908916,14211.153131593936 30243.63729908916,14211.153131593936 29775.32610388221,14211.153131593936 29775.32610388221,14554.05319873215 29775.32610388221,19804.05319873215 29775.32610388221,19804.05319873215 29775.32610388221,20354.53768494837 29775.32610388221,20438.101774306157 32868.63729908916,20438.101774306157 
 33318.63729908916,20438.101774306157 37668.63729908916,20438.101774306157 

PLINE 13171.0177831484,16692.899483190264 13318.715643965907,16692.899483190264 13318.715643965907,16692.899483190264 13318.715643965907,20438.101774306157 13318.715643965907,20438.101774306157 11918.63729908916,20438.101774306157 11918.63729908916,20438.101774306157 10718.63729908916,20438.101774306157 10718.63729908916,20438.101774306157 9994.811229902414,20438.101774306157 9994.811229902414,20438.101774306157 9994.811229902414,16692.899483190264 
 10094.38896496518,16692.899483190264 11043.63729908916,16692.899483190264 11043.63729908916,16692.899483190264 12243.637299089147,16692.899483190264 12243.637299089147,16692.899483190264 13171.0177831484,16692.899483190264 

PLINE 85875.16087346838,15547.015855179929 85993.63729908917,15547.015855179929 85993.63729908917,15547.015855179929 89100.65621687705,15547.015855179929 89100.65621687705,15547.015855179929 89100.65621687705,14304.27391969607 89100.65621687705,14209.877473096265 85875.16087346838,14209.877473096265 85875.16087346838,14209.877473096265 85875.16087346838,15547.015855179929 

PLINE 72668.44932916436,24730.66327158302 72793.63729908917,24730.66327158302 72793.63729908917,24730.66327158302 73390.52896361846,24730.66327158302 73390.52896361846,24730.66327158302 74602.06316520147,24730.66327158302 74602.06316520147,24730.66327158302 74602.06316520147,22618.936826892423 74602.06316520147,22618.936826892423 72668.44932916436,22618.936826892423 72668.44932916436,22618.936826892423 72668.44932916436,24730.66327158302 
 

PLINE 79193.86425657547,24730.66327158302 79307.70801083012,24730.66327158302 79307.70801083012,24730.66327158302 79307.70801083012,22611.89978499943 79307.70801083012,22611.89978499943 77384.40996744017,22611.89978499943 77384.40996744017,22611.89978499943 77384.40996744017,24730.66327158302 77384.40996744017,24730.66327158302 78494.72396806977,24730.66327158302 78494.72396806977,24730.66327158302 79193.86425657547,24730.66327158302 
 

PLINE 41194.51896253245,12704.2700329684 41285.65033534594,12604.273081999296 41193.63729908916,12604.273081999296 41102.17519572535,12604.273081999296 41102.17519572535,12604.273081999296 39718.63729908916,14104.27391969607 39821.2338361727,14211.153131593936 39918.63729908915,14211.153131593936 39918.63729908915,14104.27391969607 41194.51896253245,12704.2700329684 

PLINE 102204.18700245285,28847.598592808023 102293.2888770843,28754.27391969608 102293.2888770843,28754.27391969608 102850.41535607382,28170.743587155303 102850.41535607382,28170.743587155303 103642.99781122986,27340.598330979294 103642.99781122986,27340.598330979294 105187.87177190204,28847.598592808023 105187.87177190204,28847.598592808023 102204.18700245285,28847.598592808023 

PLINE 102204.18700245285,28847.598592808023 102293.2888770843,28754.27391969608 102293.2888770843,28754.27391969608 102850.41535607382,28170.743587155303 102850.41535607382,28170.743587155303 103642.99781122986,27340.598330979294 103642.99781122986,27340.598330979294 99203.63729908915,23010.07194212271 99203.63729908915,22954.27391969606 99203.63729908915,22625.982934541462 98809.89542563212,22625.982934541462 92485.43610232654,22625.982934541462 
 92485.43610232654,22625.982934541462 92485.43610232654,24899.61465923733 92485.43610232654,24899.61465923733 92485.43610232654,28847.598592808023 92485.43610232654,28847.598592808023 95418.63729908915,28847.598592808023 95418.63729908915,28847.598592808023 96167.88652690576,28847.598592808023 96167.88652690576,28847.598592808023 98753.92257212721,28847.598592808023 98753.92257212721,28847.598592808023 99318.63729908918,28847.598592808023 
 99318.63729908918,28847.598592808023 102204.18700245285,28847.598592808023 

PLINE 79215.3745432005,28952.44064845171 79307.70801083012,28866.458114275752 79307.70801083012,28847.598592808023 79307.70801083012,24730.66327158302 79193.86425657547,24730.66327158302 78494.72396806977,24730.66327158302 78494.72396806977,24730.66327158302 77384.40996744017,24730.66327158302 77384.40996744017,24730.66327158302 75988.69596335736,24730.66327158302 75988.69596335736,24730.66327158302 75988.69596335736,29929.27391969608 
 75988.69596335736,30033.709823449248 78054.23951356477,30033.709823449248 78054.23951356477,30033.709823449248 79215.3745432005,28952.44064845171 

PLINE 79307.70801083012,28866.458114275752 79327.96055434538,28847.598592808023 79327.96055434538,28847.598592808023 82218.63729908917,28847.598592808023 82218.63729908917,28847.598592808023 82968.63729908917,28847.598592808023 82968.63729908917,28847.598592808023 85875.16087346838,28847.598592808023 85875.16087346838,28847.598592808023 85875.16087346838,22611.89978499943 85875.16087346838,22611.89978499943 84168.63729908914,22611.89978499943 
 84168.63729908914,22611.89978499943 79307.70801083012,22611.89978499943 79307.70801083012,22611.89978499943 79307.70801083012,24730.66327158302 79307.70801083012,24730.66327158302 79307.70801083012,28847.598592808023 

PLINE 48193.63729908916,12504.27688575313 48276.967599940086,12604.273081999296 48276.967599940086,12604.273081999296 49526.97035778712,14104.27391969607 49612.24195025193,14450.24922957638 49612.24195025193,17327.957496368905 49491.38736388768,17327.957496368905 49036.3173178445,17327.957496368905 49036.3173178445,17327.957496368905 47536.31731784449,17327.957496368905 47536.31731784449,17327.957496368905 39793.63729908916,17327.957496368905 
 39670.665778487506,17327.957496368905 39670.665778487506,14376.368975677331 39918.63729908915,14104.27391969607 41194.51896253245,12704.2700329684 41285.65033534594,12604.273081999296 48112.38997379316,12604.273081999296 

PLINE 49526.97035778712,14104.27391969607 49612.24195025193,14206.599662040244 49612.24195025193,14206.599662040244 49612.24195025193,14209.877473096265 49416.940372539364,14209.877473096265 48193.63729908916,12704.2700329684 48276.967599940086,12604.273081999296 49526.97035778712,14104.27391969607 

PLINE 99166.51567831328,14104.27391969606 99166.51567831331,14104.27391969607 99203.63729908915,14554.27391969606 99203.63729908915,15329.273919696057 99203.63729908915,15329.273919696057 99203.63729908915,17729.27391969606 99203.63729908915,17729.27391969606 99203.63729908915,18829.448744870886 99203.63729908915,18829.448744870886 92392.28205110758,18829.448744870886 92392.28205110758,18829.448744870886 92392.28205110758,17004.27391969606 
 92392.28205110758,17004.27391969606 92392.28205110758,14209.877473096265 92420.75891986486,14104.27391969607 95793.63729908917,11161.975759096196 95793.63729908917,11161.975759096196 99166.51567831328,14104.27391969606 

PLINE 7803.393322207581,12048.25506330667 7943.829208586573,12190.00388429281 7943.829208586573,12190.00388429281 8753.209757332137,13006.951328938003 8753.209757332137,13006.951328938003 9840.368504789129,14104.27391969606 9840.36850478914,14104.27391969607 9994.811229902414,14260.160529302491 9994.811229902414,14646.581612003749 9994.811229902414,16054.273919696057 9994.811229902414,16054.273919696057 9994.811229902414,16692.899483190264 
 9994.811229902414,16692.899483190264 9994.811229902414,20438.101774306157 9994.811229902414,20438.101774306157 9994.811229902414,22618.936826892423 9994.811229902414,22618.936826892423 5905.103464502699,22618.936826892423 5905.103464502699,22618.936826892423 5181.287520468039,22618.936826892423 5181.287520468039,22618.936826892423 5181.287520468039,20440.249529452172 5181.287520468039,20440.249529452172 5181.287520468039,14554.27391969606 
 5366.32790651865,14106.83003883987 7770.003157125892,12014.55273368923 

PLINE 9840.368504789129,14104.27391969606 9840.36850478914,14104.27391969607 9994.811229902414,14104.27391969606 9994.811229902414,10077.970228290356 9994.811229902414,10077.970228290356 7770.003157125892,12014.55273368923 7943.829208586573,12190.00388429281 8753.209757332137,13006.951328938003 8753.209757332137,13006.951328938003 9840.368504789129,14104.27391969606 

PLINE 72659.70980212787,28848.073069161655 72668.44932916436,28856.181275471623 72668.44932916436,28848.073069161655 72668.44932916436,24730.66327158302 72668.44932916436,24730.66327158302 72668.44932916436,22618.936826892423 72668.44932916436,22618.936826892423 70968.63729908917,22618.936826892423 70968.63729908917,22618.936826892423 66093.63729908913,22618.936826892423 66093.63729908913,22618.936826892423 62793.63729908914,22618.936826892423 
 62793.63729908914,22618.936826892423 62793.63729908914,24204.27391969602 62793.63729908914,24204.27391969602 62793.63729908914,28848.073069161655 62793.63729908914,28848.073069161655 65727.4608285009,28848.073069161655 65727.4608285009,28848.073069161655 66459.81376967736,28848.073069161655 66459.81376967736,28848.073069161655 69018.63729908914,28848.073069161655 69018.63729908914,28848.073069161655 69768.63729908915,28848.073069161655 
 69768.63729908915,28848.073069161655 72659.70980212787,28848.073069161655 

PLINE 72668.44932916436,28856.181275471623 72771.60715334097,28951.88724644916 72771.60715334097,28951.88724644916 73937.66254203407,30033.709823449248 73937.66254203407,30033.709823449248 75988.69596335736,30033.709823449248 75988.69596335736,29929.27391969608 75988.69596335736,24730.66327158302 75988.69596335736,24730.66327158302 74602.06316520147,24730.66327158302 74602.06316520147,24730.66327158302 73390.52896361846,24730.66327158302 
 73390.52896361846,24730.66327158302 72793.63729908917,24730.66327158302 72668.44932916436,24730.66327158302 72668.44932916436,28848.073069161655 
