PLINE 5961.32668598333,21458.40765510469 5961.32668598333,21579.00471659674 
PLINE 5961.32668598333,21579.00471659674 5961.32668598333,27803.042220319923 
PLINE 5961.32668598333,27803.042220319923 5961.32668598333,27908.40765510469 
PLINE 13358.601014329686,13058.407655104687 13358.601014329686,13165.286867002571 
PLINE 13358.601014329686,13165.286867002571 13358.601014329686,15647.033218598883 
PLINE 13358.601014329686,15647.033218598883 13358.601014329686,19397.91290229315 
PLINE 13358.601014329686,19397.91290229315 13358.601014329686,21579.00471659674 
PLINE 13358.601014329686,21579.00471659674 13358.601014329686,23383.40765510469 
PLINE 13358.601014329686,23383.40765510469 13358.601014329686,27803.042220319923 
PLINE 13358.601014329686,27803.042220319923 13358.601014329686,27908.40765510469 
PLINE 5237.51074194867,13058.40765510469 5237.51074194867,13058.40765510469 
PLINE 5237.51074194867,13058.40765510469 5237.51074194867,13222.032038429446 
PLINE 5237.51074194867,13222.032038429446 5237.51074194867,13508.40765510469 
PLINE 5237.51074194867,13508.40765510469 5237.51074194867,19394.38326486079 
PLINE 5237.51074194867,19394.38326486079 5237.51074194867,21579.00471659674 
PLINE 5237.51074194867,21579.00471659674 5237.51074194867,21908.40765510469 
PLINE 20316.03699115803,27458.40765510469 20316.03699115803,27803.042220319923 
PLINE 20316.03699115803,27803.042220319923 20316.03699115803,27908.40765510469 
PLINE 19583.684049981555,27458.40765510469 19583.684049981555,27803.042220319923 
PLINE 19583.684049981555,27803.042220319923 19583.684049981555,27908.40765510469 
PLINE 20174.86052056979,21458.40765510469 20174.86052056979,21458.40765510469 
PLINE 20174.86052056979,21458.40765510469 20174.86052056979,21908.40765510469 
PLINE 20174.86052056979,21908.40765510469 20174.86052056979,21908.40765510469 
PLINE 19724.86052056979,21458.40765510469 19724.86052056979,21458.40765510469 
PLINE 19724.86052056979,21458.40765510469 19724.86052056979,21908.40765510469 
PLINE 19724.86052056979,21908.40765510469 19724.86052056979,21908.40765510469 
PLINE 20174.86052056979,19058.40765510469 20174.86052056979,19058.40765510469 
PLINE 20174.86052056979,19058.40765510469 20174.86052056979,19508.40765510469 
PLINE 20174.86052056979,19508.40765510469 20174.86052056979,19508.40765510469 
PLINE 19724.86052056979,19058.40765510469 19724.86052056979,19058.40765510469 
PLINE 19724.86052056979,19058.40765510469 19724.86052056979,19508.40765510469 
PLINE 19724.86052056979,19508.40765510469 19724.86052056979,19508.40765510469 
PLINE 20280.742873510975,13058.407655104687 20280.742873510975,13165.286867002571 
PLINE 20280.742873510975,13165.286867002571 20280.742873510975,13508.40765510469 
PLINE 19618.97816762862,13058.407655104687 19618.97816762862,13165.286867002571 
PLINE 19618.97816762862,13165.286867002571 19618.97816762862,13508.40765510469 
PLINE 26880.74287351098,13058.407655104687 26880.74287351098,13165.286867002571 
PLINE 26880.74287351098,13165.286867002571 26880.74287351098,13508.40765510469 
PLINE 26218.978167628626,13058.407655104687 26218.978167628626,13165.286867002571 
PLINE 26218.978167628626,13165.286867002571 26218.978167628626,13508.40765510469 
PLINE 26774.8605205698,19057.720061497042 26774.8605205698,19058.40765510469 
PLINE 26774.8605205698,19058.40765510469 26774.8605205698,19508.40765510469 
PLINE 26774.8605205698,19508.40765510469 26774.8605205698,19508.40765510469 
PLINE 26324.8605205698,19057.720061497042 26324.8605205698,19058.40765510469 
PLINE 26324.8605205698,19058.40765510469 26324.8605205698,19508.40765510469 
PLINE 26324.8605205698,19508.40765510469 26324.8605205698,19508.40765510469 
PLINE 26774.8605205698,21458.40765510469 26774.8605205698,21458.40765510469 
PLINE 26774.8605205698,21458.40765510469 26774.8605205698,21908.40765510469 
PLINE 26774.8605205698,21908.40765510469 26774.8605205698,21908.40765510469 
PLINE 26324.8605205698,21458.40765510469 26324.8605205698,21458.40765510469 
PLINE 26324.8605205698,21458.40765510469 26324.8605205698,21908.40765510469 
PLINE 26324.8605205698,21908.40765510469 26324.8605205698,21908.40765510469 
PLINE 26867.168212877496,27458.40765510469 26867.168212877496,27803.042220319923 
PLINE 26867.168212877496,27803.042220319923 26867.168212877496,27908.40765510469 
PLINE 26183.684049981566,27458.40765510469 26183.684049981566,27803.042220319923 
PLINE 26183.684049981566,27803.042220319923 26183.684049981566,27908.40765510469 
PLINE 33153.13418244102,13058.407655104687 33153.13418244102,13165.286867002571 
PLINE 33153.13418244102,13165.286867002571 33153.13418244102,17308.40765510469 
PLINE 33153.13418244102,17308.40765510469 33153.13418244102,19392.752895009166 
PLINE 33153.13418244102,19392.752895009166 33153.13418244102,21430.180769812294 
PLINE 33153.13418244102,21430.180769812294 33153.13418244102,21908.40765510469 
PLINE 33153.13418244102,21908.40765510469 33153.13418244102,27803.042220319923 
PLINE 33153.13418244102,27803.042220319923 33153.13418244102,27908.40765510469 
PLINE 99374.86052056984,27458.40765510469 99374.86052056984,27802.14368534579 
PLINE 99374.86052056984,27802.14368534579 99374.86052056984,27908.40765510469 
PLINE 98810.1457936079,27458.40765510469 98810.1457936079,27802.14368534579 
PLINE 98810.1457936079,27802.14368534579 98810.1457936079,27908.40765510469 
PLINE 92549.86052056983,21458.40765510469 92549.86052056983,21588.968778954062 
PLINE 92549.86052056983,21588.968778954062 92549.86052056983,23853.74839464594 
PLINE 92549.86052056983,23853.74839464594 92549.86052056983,27802.14368534579 
PLINE 92549.86052056983,27802.14368534579 92549.86052056983,27908.40765510469 
PLINE 39764.712339585836,21458.40765510469 39764.712339585836,21570.263003757103 
PLINE 39764.712339585836,21570.263003757103 39764.712339585836,27803.042220319923 
PLINE 39764.712339585836,27803.042220319923 39764.712339585836,27908.40765510469 
PLINE 46716.03699115808,27458.40765510469 46716.03699115808,27803.042220319923 
PLINE 46716.03699115808,27803.042220319923 46716.03699115808,27908.40765510469 
PLINE 46032.55282826215,27458.40765510469 46032.55282826215,27803.042220319923 
PLINE 46032.55282826215,27803.042220319923 46032.55282826215,27908.40765510469 
PLINE 52950.94878413087,21449.50001107873 52950.94878413087,21570.263003757103 
PLINE 52950.94878413087,21570.263003757103 52950.94878413087,24790.20828106189 
PLINE 52950.94878413087,24790.20828106189 52950.94878413087,27803.042220319923 
PLINE 52950.94878413087,27803.042220319923 52950.94878413087,27908.40765510469 
PLINE 59549.860520569826,21458.40765510463 59549.860520569826,21570.263003757103 
PLINE 59549.860520569826,21570.263003757103 59549.860520569826,27803.042220319923 
PLINE 59549.860520569826,27803.042220319923 59549.860520569826,27908.40765510469 
PLINE 39734.56685542518,13058.407655104687 39734.56685542518,13102.093145482548 
PLINE 39734.56685542518,13102.093145482548 39734.56685542518,13165.286867002571 
PLINE 39734.56685542518,13165.286867002571 39734.56685542518,13322.077927040875 
PLINE 39734.56685542518,13322.077927040875 39734.56685542518,16283.731009665009 
PLINE 39734.56685542518,16283.731009665009 39734.56685542518,19392.752895009166 
PLINE 39734.56685542518,19392.752895009166 39734.56685542518,19508.40765510469 
PLINE 46574.86052056984,19058.40765510469 46574.86052056984,19392.752895009166 
PLINE 46574.86052056984,19392.752895009166 46574.86052056984,19508.40765510469 
PLINE 46124.86052056984,19058.40765510469 46124.86052056984,19392.752895009166 
PLINE 46124.86052056984,19392.752895009166 46124.86052056984,19508.40765510469 
PLINE 46574.86052056984,21458.40765510469 46574.86052056984,21570.263003757103 
PLINE 46574.86052056984,21570.263003757103 46574.86052056984,21908.40765510469 
PLINE 46124.86052056984,21458.40765510469 46124.86052056984,21570.263003757103 
PLINE 46124.86052056984,21570.263003757103 46124.86052056984,21908.40765510469 
PLINE 53174.86052056986,19058.40765510469 53174.86052056986,19332.49923063423 
PLINE 53174.86052056986,19332.49923063423 53174.86052056986,19508.40765510469 
PLINE 52724.86052056986,19058.40765510469 52724.86052056986,19332.49923063423 
PLINE 52724.86052056986,19332.49923063423 52724.86052056986,19508.40765510469 
PLINE 46574.86052056984,13058.40765510469 46574.86052056984,13058.40765510469 
PLINE 46574.86052056984,13058.40765510469 46574.86052056984,13508.40765510469 
PLINE 46574.86052056984,13508.40765510469 46574.86052056984,13508.40765510469 
PLINE 46124.86052056984,13058.40765510469 46124.86052056984,13058.40765510469 
PLINE 46124.86052056984,13058.40765510469 46124.86052056984,13508.40765510469 
PLINE 46124.86052056984,13508.40765510469 46124.86052056984,13508.40765510469 
PLINE 53280.742873511044,13058.407655104687 53280.742873511044,13164.142634117989 
PLINE 53280.742873511044,13164.142634117989 53280.742873511044,13508.40765510469 
PLINE 52618.97816762868,13058.407655104687 52618.97816762868,13164.142634117989 
PLINE 52618.97816762868,13164.142634117989 52618.97816762868,13508.40765510469 
PLINE 59549.85668828278,13058.407655104687 59549.85668828278,13164.142634117989 
PLINE 59549.85668828278,13164.142634117989 59549.85668828278,19332.49923063423 
PLINE 59549.85668828278,19332.49923063423 59549.85668828278,19508.45601923723 
PLINE 79348.37757840652,13058.407655104687 79348.37757840652,13164.142634117989 
PLINE 79348.37757840652,13164.142634117989 79348.37757840652,19332.49923063423 
PLINE 79348.37757840652,19332.49923063423 79348.37757840652,19508.40765510469 
PLINE 72749.86052056985,13058.407655104687 72749.86052056985,13164.142634117989 
PLINE 72749.86052056985,13164.142634117989 72749.86052056985,19332.49923063423 
PLINE 72749.86052056985,19332.49923063423 72749.86052056985,19508.40765510469 
PLINE 66147.34898446374,13058.407655104687 66147.34898446374,13164.142634117989 
PLINE 66147.34898446374,13164.142634117989 66147.34898446374,19332.49923063423 
PLINE 66147.34898446374,19332.49923063423 66147.34898446374,19508.40765510469 
PLINE 66157.41499639156,21458.40765510463 66157.41499639156,21570.263003757103 
PLINE 66157.41499639156,21570.263003757103 66157.41499639156,27803.042220319923 
PLINE 66157.41499639156,27803.042220319923 66157.41499639156,27908.40765510469 
PLINE 72724.67255064505,21458.40765510463 72724.67255064505,21570.263003757103 
PLINE 72724.67255064505,21570.263003757103 72724.67255064505,23684.797006991637 
PLINE 72724.67255064505,23684.797006991637 72724.67255064505,27803.042220319923 
PLINE 72724.67255064505,27803.042220319923 72724.67255064505,27810.31501088028 
PLINE 72724.67255064505,27810.31501088028 72724.67255064505,27908.40765510469 
PLINE 79371.3900540372,21458.40765510463 79371.3900540372,21565.43492964385 
PLINE 79371.3900540372,21565.43492964385 79371.3900540372,23684.797006991637 
PLINE 79371.3900540372,23684.797006991637 79371.3900540372,27802.14368534579 
PLINE 79371.3900540372,27802.14368534579 79371.3900540372,27813.646064906192 
PLINE 79371.3900540372,27813.646064906192 79371.3900540372,27908.40765510469 
PLINE 99259.86052056984,13058.40765510469 99259.86052056984,13058.40765510469 
PLINE 99259.86052056984,13058.40765510469 99259.86052056984,13090.79034556872 
PLINE 99259.86052056984,13090.79034556872 99259.86052056984,13508.40765510469 
PLINE 99259.86052056984,13508.40765510469 99259.86052056984,14283.40765510469 
PLINE 99259.86052056984,14283.40765510469 99259.86052056984,16683.40765510469 
PLINE 99259.86052056984,16683.40765510469 99259.86052056984,17783.582480279514 
PLINE 99259.86052056984,17783.582480279514 99259.86052056984,21588.968778954062 
PLINE 99259.86052056984,21588.968778954062 99259.86052056984,21908.40765510469 
PLINE 99259.86052056984,21908.40765510469 99259.86052056984,21964.20567753169 
PLINE 85935.10194262712,13058.407655104687 85935.10194262712,13164.142634117989 
PLINE 85935.10194262712,13164.142634117989 85935.10194262712,14501.14959058856 
PLINE 85935.10194262712,14501.14959058856 85935.10194262712,16908.40765510469 
PLINE 85935.10194262712,16908.40765510469 85935.10194262712,19409.898136185893 
PLINE 85935.10194262712,19409.898136185893 85935.10194262712,21565.43492964385 
PLINE 85935.10194262712,21565.43492964385 85935.10194262712,27802.14368534579 
PLINE 85935.10194262712,27802.14368534579 85935.10194262712,27908.40765510469 
PLINE 10051.793887442398,8806.086584155362 10051.793887442398,9031.442913155108 
PLINE 10051.793887442398,9031.442913155108 10051.793887442398,13058.40765510469 
PLINE 10051.793887442398,13058.40765510469 10051.793887442398,13215.060800735482 
PLINE 10051.793887442398,13215.060800735482 10051.793887442398,13600.71534741238 
PLINE 10051.793887442398,13600.71534741238 10051.793887442398,15008.40765510469 
PLINE 10051.793887442398,15008.40765510469 10051.793887442398,15647.033218598883 
PLINE 10051.793887442398,15647.033218598883 10051.793887442398,19397.91290229315 
PLINE 10051.793887442398,19397.91290229315 10051.793887442398,21579.00471659674 
PLINE 10051.793887442398,21579.00471659674 10051.793887442398,21658.40765510465 
PLINE 61274.8605205698,21458.40765510463 61274.8605205698,21570.263003757103 
PLINE 61274.8605205698,21570.263003757103 61274.8605205698,21658.40765510465 
PLINE 67874.8605205698,21458.40765510463 67874.8605205698,21570.263003757103 
PLINE 67874.8605205698,21570.263003757103 67874.8605205698,21658.40765510463 
PLINE 81074.86052056985,21458.40765510463 81074.86052056985,21565.43492964385 
PLINE 81074.86052056985,21565.43492964385 81074.86052056985,21658.40765510465 
PLINE 57524.8605205698,19308.40765510469 57524.8605205698,19332.49923063423 
PLINE 57524.8605205698,19332.49923063423 57524.8605205698,19508.40765510469 
PLINE 61574.86052056984,19308.40765510469 61574.86052056984,19332.49923063423 
PLINE 61574.86052056984,19332.49923063423 61574.86052056984,19508.40765510469 
PLINE 67549.86052056985,19308.40765510469 67549.86052056985,19332.49923063423 
PLINE 67549.86052056985,19332.49923063423 67549.86052056985,19508.40765510469 
PLINE 69049.8605205698,19308.40765510469 69049.8605205698,19332.49923063423 
PLINE 69049.8605205698,19332.49923063423 69049.8605205698,19508.40765510469 
PLINE 74463.50288638035,19308.40765510469 74463.50288638035,19332.49923063423 
PLINE 74463.50288638035,19332.49923063423 74463.50288638035,19508.40765510469 
PLINE 76050.1281222245,13058.407655104687 76050.1281222245,13164.142634117989 
PLINE 76050.1281222245,13164.142634117989 76050.1281222245,19332.49923063423 
PLINE 76050.1281222245,19332.49923063423 76050.1281222245,19508.40765510469 
PLINE 11974.8605205698,19308.40765510469 11974.8605205698,19397.91290229315 
PLINE 11974.8605205698,19397.91290229315 11974.8605205698,19508.40765510469 
PLINE 10774.8605205698,19308.40765510469 10774.8605205698,19397.91290229315 
PLINE 10774.8605205698,19397.91290229315 10774.8605205698,19508.40765510469 
PLINE 82649.86052056987,13058.407655104687 82649.86052056987,13164.142634117989 
PLINE 82649.86052056987,13164.142634117989 82649.86052056987,17308.40765510469 
PLINE 82649.86052056987,17308.40765510469 82649.86052056987,18508.40765510469 
PLINE 82649.86052056987,18508.40765510469 82649.86052056987,19308.40765510469 
PLINE 82649.86052056987,19308.40765510469 82649.86052056987,19409.898136185893 
PLINE 69899.8605205698,13058.407655104687 69899.8605205698,13164.142634117989 
PLINE 69899.8605205698,13164.142634117989 69899.8605205698,13258.407655104691 
PLINE 62399.86052056979,13058.407655104687 62399.86052056979,13164.142634117989 
PLINE 62399.86052056979,13164.142634117989 62399.86052056979,13258.40765510469 
PLINE 63299.8605205698,13058.407655104687 63299.8605205698,13164.142634117989 
PLINE 63299.8605205698,13164.142634117989 63299.8605205698,13258.407655104691 
PLINE 55799.860520569855,13058.407655104687 55799.860520569855,13164.142634117989 
PLINE 55799.860520569855,13164.142634117989 55799.860520569855,13258.40765510469 
PLINE 56699.86052056982,13058.407655104687 56699.86052056982,13164.142634117989 
PLINE 56699.86052056982,13164.142634117989 56699.86052056982,13258.407655104691 
PLINE 49668.46517173261,13058.407655104687 49668.46517173261,13160.73339744888 
PLINE 49668.46517173261,13160.73339744888 49668.46517173261,13164.142634117989 
PLINE 49668.46517173261,13164.142634117989 49668.46517173261,13404.38296498498 
PLINE 49668.46517173261,13404.38296498498 49668.46517173261,16283.731009665009 
PLINE 49668.46517173261,16283.731009665009 49668.46517173261,19332.49923063423 
PLINE 49668.46517173261,19332.49923063423 49668.46517173261,19508.40765510469 
PLINE 35999.8605205698,13058.407655104687 35999.8605205698,13165.286867002571 
PLINE 35999.8605205698,13165.286867002571 35999.8605205698,13258.40765510469 
PLINE 36899.8605205698,13058.407655104687 36899.8605205698,13165.286867002571 
PLINE 36899.8605205698,13165.286867002571 36899.8605205698,13258.407655104691 
PLINE 29399.8605205698,13058.407655104687 29399.8605205698,13165.286867002571 
PLINE 29399.8605205698,13165.286867002571 29399.8605205698,13258.40765510469 
PLINE 30299.860520569797,13058.407655104687 30299.860520569797,13165.286867002571 
PLINE 30299.860520569797,13165.286867002571 30299.860520569797,13258.407655104691 
PLINE 22799.8605205698,13058.407655104687 22799.8605205698,13165.286867002571 
PLINE 22799.8605205698,13165.286867002571 22799.8605205698,13258.40765510469 
PLINE 23699.8605205698,13058.407655104687 23699.8605205698,13165.286867002571 
PLINE 23699.8605205698,13165.286867002571 23699.8605205698,13258.407655104691 
PLINE 16199.860520569799,13058.407655104687 16199.860520569799,13165.286867002571 
PLINE 16199.860520569799,13165.286867002571 16199.860520569799,13258.40765510469 
PLINE 17099.860520569797,13058.407655104687 17099.860520569797,13165.286867002571 
PLINE 17099.860520569797,13165.286867002571 17099.860520569797,13258.407655104691 
PLINE 12299.8605205698,15547.23873103726 12299.8605205698,15647.033218598883 
PLINE 12299.8605205698,15647.033218598883 12299.8605205698,15747.23873103726 
PLINE 11099.8605205698,15547.23873103726 11099.8605205698,15647.033218598883 
PLINE 11099.8605205698,15647.033218598883 11099.8605205698,15747.23873103726 
PLINE 10424.8605205698,27708.40765510469 10424.8605205698,27803.042220319923 
PLINE 10424.8605205698,27803.042220319923 10424.8605205698,27908.40765510469 
PLINE 8974.860520569797,27708.40765510469 8974.860520569797,27803.042220319923 
PLINE 8974.860520569797,27803.042220319923 8974.860520569797,27908.40765510469 
PLINE 17024.860520569793,27708.40765510469 17024.860520569793,27803.042220319923 
PLINE 17024.860520569793,27803.042220319923 17024.860520569793,27908.40765510469 
PLINE 16274.8605205698,27708.40765510469 16274.8605205698,27803.042220319923 
PLINE 16274.8605205698,27803.042220319923 16274.8605205698,27908.40765510469 
PLINE 23624.860520569797,27708.40765510469 23624.860520569797,27803.042220319923 
PLINE 23624.860520569797,27803.042220319923 23624.860520569797,27908.40765510469 
PLINE 22874.860520569797,27708.40765510469 22874.860520569797,27803.042220319923 
PLINE 22874.860520569797,27803.042220319923 22874.860520569797,27908.40765510469 
PLINE 36453.8696938798,21458.40765510463 36453.8696938798,21570.263003757103 
PLINE 36453.8696938798,21570.263003757103 36453.8696938798,23158.87466074594 
PLINE 36453.8696938798,23158.87466074594 36453.8696938798,27803.042220319923 
PLINE 36453.8696938798,27803.042220319923 36453.8696938798,27908.40765510469 
PLINE 42674.86052056985,27708.40765510469 42674.86052056985,27803.042220319923 
PLINE 42674.86052056985,27803.042220319923 42674.86052056985,27908.40765510469 
PLINE 49655.72631134403,21458.40765510463 49655.72631134403,21570.263003757103 
PLINE 49655.72631134403,21570.263003757103 49655.72631134403,27803.042220319923 
PLINE 49655.72631134403,27803.042220319923 49655.72631134403,27908.40765510469 
PLINE 55874.86052056981,27708.40765510469 55874.86052056981,27803.042220319923 
PLINE 55874.86052056981,27803.042220319923 55874.86052056981,27908.40765510469 
PLINE 62849.86052056979,21458.40765510463 62849.86052056979,21570.263003757103 
PLINE 62849.86052056979,21570.263003757103 62849.86052056979,23158.40765510463 
PLINE 62849.86052056979,23158.40765510463 62849.86052056979,27803.042220319923 
PLINE 62849.86052056979,27803.042220319923 62849.86052056979,27908.40765510469 
PLINE 69449.8605205698,21570.263003757103 69449.8605205698,21658.40765510463 
PLINE 69449.8605205698,21658.40765510463 69449.8605205698,27803.042220319923 
PLINE 69449.8605205698,27803.042220319923 69449.8605205698,27908.40765510469 
PLINE 89624.86052056983,27708.40765510469 89624.86052056983,27802.14368534579 
PLINE 89624.86052056983,27802.14368534579 89624.86052056983,27908.40765510469 
PLINE 88874.86052056985,27708.40765510469 88874.86052056985,27802.14368534579 
PLINE 88874.86052056985,27802.14368534579 88874.86052056985,27908.40765510469 
PLINE 96224.10974838644,27708.40765510469 96224.10974838644,27802.14368534579 
PLINE 96224.10974838644,27802.14368534579 96224.10974838644,27908.40765510469 
PLINE 95474.86052056983,27708.40765510469 95474.86052056983,27802.14368534579 
PLINE 95474.86052056983,27802.14368534579 95474.86052056983,27908.40765510469 
PLINE 51549.86052056985,19308.40765510469 51549.86052056985,19332.49923063423 
PLINE 51549.86052056985,19332.49923063423 51549.86052056985,19508.40765510469 
PLINE 71024.86052056985,21458.40765510463 71024.86052056985,21570.263003757103 
PLINE 71024.86052056985,21570.263003757103 71024.86052056985,21658.40765510465 
PLINE 68999.8605205698,13058.407655104687 68999.8605205698,13164.142634117989 
PLINE 68999.8605205698,13164.142634117989 68999.8605205698,13258.40765510469 
PLINE 57697.02610776869,21458.40765510463 57697.02610776869,21570.263003757103 
PLINE 57697.02610776869,21570.263003757103 57697.02610776869,24790.20828106189 
PLINE 57697.02610776869,24790.20828106189 57697.02610776869,24889.89242567962 
PLINE 56624.86052056981,27708.40765510469 56624.86052056981,27803.042220319923 
PLINE 56624.86052056981,27803.042220319923 56624.86052056981,27908.40765510469 
PLINE NaN,21458.40765510463 NaN,21458.40765510463 
PLINE 56254.88118382815,21570.263003757103 56254.88118382815,21657.55929905123 
PLINE 56254.88118382815,21657.55929905123 56254.88118382815,24790.20828106189 
PLINE 56254.88118382815,24790.20828106189 56254.88118382815,24890.09931951658 
PLINE 84224.86052056985,19308.40765510469 84224.86052056985,19409.898136185893 
PLINE 84224.86052056985,19409.898136185893 84224.86052056985,19508.40765510469 
PLINE 77654.01366479365,19308.40765510469 77654.01366479365,19332.49923063423 
PLINE 77654.01366479365,19332.49923063423 77654.01366479365,19508.40765510469 
PLINE 84224.86052056987,21458.40765510463 84224.86052056987,21565.43492964385 
PLINE 84224.86052056987,21565.43492964385 84224.86052056987,21658.40765510465 
PLINE 82649.86052056985,21565.43492964385 82649.86052056985,21658.40765510463 
PLINE 82649.86052056985,21658.40765510463 82649.86052056985,27802.14368534579 
PLINE 82649.86052056985,27802.14368534579 82649.86052056985,27908.40765510469 
PLINE 92448.50527258826,13058.40765510468 92448.50527258826,13083.249178914222 
PLINE 92448.50527258826,13083.249178914222 92448.50527258826,13164.142634117989 
PLINE 92448.50527258826,13164.142634117989 92448.50527258826,15958.40765510469 
PLINE 92448.50527258826,15958.40765510469 92448.50527258826,17783.582480279514 
PLINE 92448.50527258826,17783.582480279514 92448.50527258826,17908.40765510469 
PLINE 89924.86052056882,13058.40765510469 89924.86052056882,13164.142634117989 
PLINE 89924.86052056882,13164.142634117989 89924.86052056882,13258.407655104698 
PLINE 89156.87943835772,13164.142634117989 89156.87943835772,13258.40765510469 
PLINE 89156.87943835772,13258.40765510469 89156.87943835772,14501.14959058856 
PLINE 89156.87943835772,14501.14959058856 89156.87943835772,15208.40765510467 
PLINE 89156.87943835772,15208.40765510467 89156.87943835772,15208.40765510467 
PLINE 89164.1092765209,18706.5919994532 89164.1092765209,18706.5919994532 
PLINE 89164.1092765209,18706.5919994532 89164.1092765209,19409.898136185893 
PLINE 89164.1092765209,19409.898136185893 89164.1092765209,19508.40765510469 
PLINE 89160.93233448011,16408.40765510469 89160.93233448011,16408.40765510469 
PLINE 89160.93233448011,16408.40765510469 89160.93233448011,16908.40765510469 
PLINE 89160.93233448011,16908.40765510469 89160.93233448011,17411.60202605973 
PLINE 89160.93233448011,17411.60202605973 89160.93233448011,17411.60202605973 
PLINE 3624.860520569798,21458.40765510469 3624.860520569798,21579.00471659674 
PLINE 3624.860520569798,21579.00471659674 3624.860520569798,21658.40765510469 
PLINE 3624.860520569798,19308.40765510469 3624.860520569798,19394.38326486079 
PLINE 3624.860520569798,19394.38326486079 3624.860520569798,19508.40765510469 
PLINE 81035.57480628414,18708.40765510469 81035.57480628414,19332.49923063423 
PLINE 81035.57480628414,19332.49923063423 81035.57480628414,19409.898136185893 
PLINE 81035.57480628414,19409.898136185893 81035.57480628414,19508.40765510469 
PLINE 81864.14623485557,18508.40765510469 81864.14623485557,19308.40765510469 
PLINE 81864.14623485557,19308.40765510469 81864.14623485557,19332.49923063423 
PLINE 81864.14623485557,19332.49923063423 81864.14623485557,19409.898136185893 
PLINE 76044.91918483804,23583.40765510469 76044.91918483804,23684.797006991637 
PLINE 76044.91918483804,23684.797006991637 76044.91918483804,28883.40765510469 
PLINE 76044.91918483804,28883.40765510469 76044.91918483804,28987.84355885785 
PLINE 78550.9471895504,23580.33582771047 78550.9471895504,23684.797006991637 
PLINE 78550.9471895504,23684.797006991637 78550.9471895504,23780.33531261281 
PLINE 77440.63318892082,21460.33183330906 77440.63318892082,21565.43492964385 
PLINE 77440.63318892082,21565.43492964385 77440.63318892082,23684.797006991637 
PLINE 77440.63318892082,23684.797006991637 77440.63318892082,23783.40765510469 
PLINE 73446.75218509913,23583.40765510469 73446.75218509913,23684.797006991637 
PLINE 73446.75218509913,23684.797006991637 73446.75218509913,23783.40765510469 
PLINE 74658.28638668213,21458.40765510469 74658.28638668213,21570.263003757103 
PLINE 74658.28638668213,21570.263003757103 74658.28638668213,23684.797006991637 
PLINE 74658.28638668213,23684.797006991637 74658.28638668213,23783.40765510469 
PLINE 30224.860520569797,27708.40765510469 30224.860520569797,27803.042220319923 
PLINE 30224.860520569797,27803.042220319923 30224.860520569797,27908.40765510469 
PLINE 43354.965668127115,21458.40765510463 43354.965668127115,21570.263003757103 
PLINE 43354.965668127115,21570.263003757103 43354.965668127115,27803.042220319923 
PLINE 43354.965668127115,27803.042220319923 43354.965668127115,27908.40765510469 
PLINE 48940.39995171069,16185.56572553114 48940.39995171069,16283.731009665009 
PLINE 48940.39995171069,16283.731009665009 48940.39995171069,16385.56572553114 
PLINE 47456.501511811235,16183.40773023313 47456.501511811235,16283.731009665009 
PLINE 47456.501511811235,16283.731009665009 47456.501511811235,16383.40773023313 
PLINE 51230.61386728267,21458.40765880085 51230.61386728267,21570.263003757103 
PLINE 51230.61386728267,21570.263003757103 51230.61386728267,21658.40765880087 
PLINE 29474.860520569797,27708.40765510469 29474.860520569797,27803.042220319923 
PLINE 29474.860520569797,27803.042220319923 29474.860520569797,27908.40765510469 
PLINE 41158.39841720604,11558.406817407918 41249.86052056986,11558.406817407918 
PLINE 41249.86052056986,11558.406817407918 41341.87355682663,11558.406817407918 
PLINE 41341.87355682663,11558.406817407918 48168.61319527385,11558.406817407918 
PLINE 48168.61319527385,11558.406817407918 48249.86052056985,11558.406817407918 
PLINE 48249.86052056985,11558.406817407918 48333.19082142077,11558.406817407918 
PLINE 3624.860520569798,21579.00471659674 3624.860520569798,21579.00471659674 
PLINE 3624.860520569798,21579.00471659674 5237.51074194867,21579.00471659674 
PLINE 5237.51074194867,21579.00471659674 5961.32668598333,21579.00471659674 
PLINE 5961.32668598333,21579.00471659674 10051.793887442398,21579.00471659674 
PLINE 10051.793887442398,21579.00471659674 13358.601014329686,21579.00471659674 
PLINE 13358.601014329686,21579.00471659674 13574.8605205698,21579.00471659674 
PLINE 5124.860520569798,13058.40765510469 5237.51074194867,13058.40765510469 
PLINE 5237.51074194867,13058.40765510469 5425.487679625807,13058.40765510469 
PLINE 5425.487679625807,13058.40765510469 5574.860520569798,13058.40765510469 
PLINE 5124.860520569798,13508.40765510469 5237.51074194867,13508.40765510469 
PLINE 5237.51074194867,13508.40765510469 5574.860520569798,13508.40765510469 
PLINE 19724.86052056979,21458.40765510469 19724.86052056979,21458.40765510469 
PLINE 19724.86052056979,21458.40765510469 20174.86052056979,21458.40765510469 
PLINE 20174.86052056979,21458.40765510469 20174.86052056979,21458.40765510469 
PLINE 19724.86052056979,21908.40765510469 19724.86052056979,21908.40765510469 
PLINE 19724.86052056979,21908.40765510469 20174.86052056979,21908.40765510469 
PLINE 20174.86052056979,21908.40765510469 20174.86052056979,21908.40765510469 
PLINE 19724.86052056979,19058.40765510469 19724.86052056979,19058.40765510469 
PLINE 19724.86052056979,19058.40765510469 20174.86052056979,19058.40765510469 
PLINE 20174.86052056979,19058.40765510469 20174.86052056979,19058.40765510469 
PLINE 19724.86052056979,19508.40765510469 19724.86052056979,19508.40765510469 
PLINE 19724.86052056979,19508.40765510469 20174.86052056979,19508.40765510469 
PLINE 20174.86052056979,19508.40765510469 20174.86052056979,19508.40765510469 
PLINE 26324.8605205698,19057.720061497042 26324.8605205698,19057.720061497042 
PLINE 26324.8605205698,19057.720061497042 26774.8605205698,19057.720061497042 
PLINE 26774.8605205698,19057.720061497042 26774.8605205698,19057.720061497042 
PLINE 26324.8605205698,19508.40765510469 26324.8605205698,19508.40765510469 
PLINE 26324.8605205698,19508.40765510469 26774.8605205698,19508.40765510469 
PLINE 26774.8605205698,19508.40765510469 26774.8605205698,19508.40765510469 
PLINE 26324.8605205698,21458.40765510469 26324.8605205698,21458.40765510469 
PLINE 26324.8605205698,21458.40765510469 26774.8605205698,21458.40765510469 
PLINE 26774.8605205698,21458.40765510469 26774.8605205698,21458.40765510469 
PLINE 26324.8605205698,21908.40765510469 26324.8605205698,21908.40765510469 
PLINE 26324.8605205698,21908.40765510469 26774.8605205698,21908.40765510469 
PLINE 26774.8605205698,21908.40765510469 26774.8605205698,21908.40765510469 
PLINE 32924.8605205698,21430.180769812294 33153.13418244102,21430.180769812294 
PLINE 33153.13418244102,21430.180769812294 33374.8605205698,21430.180769812294 
PLINE 32924.8605205698,21908.40765510469 33153.13418244102,21908.40765510469 
PLINE 33153.13418244102,21908.40765510469 33374.8605205698,21908.40765510469 
PLINE 32924.8605205698,19392.752895009166 33153.13418244102,19392.752895009166 
PLINE 33153.13418244102,19392.752895009166 39734.56685542518,19392.752895009166 
PLINE 39734.56685542518,19392.752895009166 46124.86052056984,19392.752895009166 
PLINE 46124.86052056984,19392.752895009166 46574.86052056984,19392.752895009166 
PLINE 46574.86052056984,19392.752895009166 46574.86052056984,19392.752895009166 
PLINE 98924.86052056985,13058.40765510469 99222.738899794,13058.40765510469 
PLINE 99222.738899794,13058.40765510469 99259.86052056984,13058.40765510469 
PLINE 99259.86052056984,13058.40765510469 99374.86052056985,13058.40765510469 
PLINE 98924.86052056985,13508.40765510469 99259.86052056984,13508.40765510469 
PLINE 99259.86052056984,13508.40765510469 99374.86052056985,13508.40765510469 
PLINE 92324.86052056985,21588.968778954062 92549.86052056983,21588.968778954062 
PLINE 92549.86052056983,21588.968778954062 98875.19322595866,21588.968778954062 
PLINE 98875.19322595866,21588.968778954062 99259.86052056984,21588.968778954062 
PLINE 99259.86052056984,21588.968778954062 99374.86052056985,21588.968778954062 
PLINE 80949.86052056985,19409.898136185893 81035.57480628414,19409.898136185893 
PLINE 81035.57480628414,19409.898136185893 81864.14623485557,19409.898136185893 
PLINE 81864.14623485557,19409.898136185893 82649.86052056987,19409.898136185893 
PLINE 82649.86052056987,19409.898136185893 84224.86052056985,19409.898136185893 
PLINE 84224.86052056985,19409.898136185893 85935.10194262712,19409.898136185893 
PLINE 85935.10194262712,19409.898136185893 89164.1092765209,19409.898136185893 
PLINE 89164.1092765209,19409.898136185893 89249.86052056985,19409.898136185893 
PLINE 13124.8605205698,13165.286867002571 13358.601014329686,13165.286867002571 
PLINE 13358.601014329686,13165.286867002571 16199.860520569799,13165.286867002571 
PLINE 16199.860520569799,13165.286867002571 17099.860520569797,13165.286867002571 
PLINE 17099.860520569797,13165.286867002571 19618.97816762862,13165.286867002571 
PLINE 19618.97816762862,13165.286867002571 20280.742873510975,13165.286867002571 
PLINE 20280.742873510975,13165.286867002571 22799.8605205698,13165.286867002571 
PLINE 22799.8605205698,13165.286867002571 23699.8605205698,13165.286867002571 
PLINE 23699.8605205698,13165.286867002571 26218.978167628626,13165.286867002571 
PLINE 26218.978167628626,13165.286867002571 26880.74287351098,13165.286867002571 
PLINE 26880.74287351098,13165.286867002571 29399.8605205698,13165.286867002571 
PLINE 29399.8605205698,13165.286867002571 30299.860520569797,13165.286867002571 
PLINE 30299.860520569797,13165.286867002571 33153.13418244102,13165.286867002571 
PLINE 33153.13418244102,13165.286867002571 35999.8605205698,13165.286867002571 
PLINE 35999.8605205698,13165.286867002571 36899.8605205698,13165.286867002571 
PLINE 36899.8605205698,13165.286867002571 39676.279615608255,13165.286867002571 
PLINE 39676.279615608255,13165.286867002571 39734.56685542518,13165.286867002571 
PLINE 39734.56685542518,13165.286867002571 39877.45705765334,13165.286867002571 
PLINE 39877.45705765334,13165.286867002571 39974.8605205698,13165.286867002571 
PLINE 46124.86052056984,13058.40765510469 46124.86052056984,13058.40765510469 
PLINE 46124.86052056984,13058.40765510469 46574.86052056984,13058.40765510469 
PLINE 46574.86052056984,13058.40765510469 46574.86052056984,13058.40765510469 
PLINE 46124.86052056984,13508.40765510469 46124.86052056984,13508.40765510469 
PLINE 46124.86052056984,13508.40765510469 46574.86052056984,13508.40765510469 
PLINE 46574.86052056984,13508.40765510469 46574.86052056984,13508.40765510469 
PLINE 36343.48389627881,21570.263003757103 36453.8696938798,21570.263003757103 
PLINE 36453.8696938798,21570.263003757103 39764.712339585836,21570.263003757103 
PLINE 39764.712339585836,21570.263003757103 43354.965668127115,21570.263003757103 
PLINE 43354.965668127115,21570.263003757103 46124.86052056984,21570.263003757103 
PLINE 46124.86052056984,21570.263003757103 46574.86052056984,21570.263003757103 
PLINE 46574.86052056984,21570.263003757103 49655.72631134403,21570.263003757103 
PLINE 49655.72631134403,21570.263003757103 51230.61386728267,21570.263003757103 
PLINE 51230.61386728267,21570.263003757103 52950.94878413087,21570.263003757103 
PLINE 52950.94878413087,21570.263003757103 56254.88118382815,21570.263003757103 
PLINE 56254.88118382815,21570.263003757103 57697.02610776869,21570.263003757103 
PLINE 57697.02610776869,21570.263003757103 59549.860520569826,21570.263003757103 
PLINE 59549.860520569826,21570.263003757103 61274.8605205698,21570.263003757103 
PLINE 61274.8605205698,21570.263003757103 62849.86052056979,21570.263003757103 
PLINE 62849.86052056979,21570.263003757103 66157.41499639156,21570.263003757103 
PLINE 66157.41499639156,21570.263003757103 67874.8605205698,21570.263003757103 
PLINE 67874.8605205698,21570.263003757103 69449.8605205698,21570.263003757103 
PLINE 69449.8605205698,21570.263003757103 71024.86052056985,21570.263003757103 
PLINE 71024.86052056985,21570.263003757103 72724.67255064505,21570.263003757103 
PLINE 72724.67255064505,21570.263003757103 74658.28638668213,21570.263003757103 
PLINE 74658.28638668213,21570.263003757103 74759.04528473703,21570.263003757103 
PLINE 77347.61280266343,21565.43492964385 77440.63318892082,21565.43492964385 
PLINE 77440.63318892082,21565.43492964385 79371.3900540372,21565.43492964385 
PLINE 79371.3900540372,21565.43492964385 81074.86052056985,21565.43492964385 
PLINE 81074.86052056985,21565.43492964385 82649.86052056985,21565.43492964385 
PLINE 82649.86052056985,21565.43492964385 84224.86052056987,21565.43492964385 
PLINE 84224.86052056987,21565.43492964385 85935.10194262712,21565.43492964385 
PLINE 85935.10194262712,21565.43492964385 86174.86052056985,21565.43492964385 
PLINE 49549.86052056986,19332.49923063423 49668.46517173261,19332.49923063423 
PLINE 49668.46517173261,19332.49923063423 51549.86052056985,19332.49923063423 
PLINE 51549.86052056985,19332.49923063423 52724.86052056986,19332.49923063423 
PLINE 52724.86052056986,19332.49923063423 53174.86052056986,19332.49923063423 
PLINE 53174.86052056986,19332.49923063423 57524.8605205698,19332.49923063423 
PLINE 57524.8605205698,19332.49923063423 59549.85668828278,19332.49923063423 
PLINE 59549.85668828278,19332.49923063423 61574.86052056984,19332.49923063423 
PLINE 61574.86052056984,19332.49923063423 66147.34898446374,19332.49923063423 
PLINE 66147.34898446374,19332.49923063423 67549.86052056985,19332.49923063423 
PLINE 67549.86052056985,19332.49923063423 69049.8605205698,19332.49923063423 
PLINE 69049.8605205698,19332.49923063423 72749.86052056985,19332.49923063423 
PLINE 72749.86052056985,19332.49923063423 74463.50288638035,19332.49923063423 
PLINE 74463.50288638035,19332.49923063423 76050.1281222245,19332.49923063423 
PLINE 76050.1281222245,19332.49923063423 77654.01366479365,19332.49923063423 
PLINE 77654.01366479365,19332.49923063423 79348.37757840652,19332.49923063423 
PLINE 79348.37757840652,19332.49923063423 81035.57480628414,19332.49923063423 
PLINE 81035.57480628414,19332.49923063423 81864.14623485557,19332.49923063423 
PLINE 81864.14623485557,19332.49923063423 81949.86052056985,19332.49923063423 
PLINE 79124.86052056985,27802.14368534579 79371.3900540372,27802.14368534579 
PLINE 79371.3900540372,27802.14368534579 79383.74203459911,27802.14368534579 
PLINE 79383.74203459911,27802.14368534579 82649.86052056985,27802.14368534579 
PLINE 82649.86052056985,27802.14368534579 85935.10194262712,27802.14368534579 
PLINE 85935.10194262712,27802.14368534579 88874.86052056985,27802.14368534579 
PLINE 88874.86052056985,27802.14368534579 89624.86052056983,27802.14368534579 
PLINE 89624.86052056983,27802.14368534579 92549.86052056983,27802.14368534579 
PLINE 92549.86052056983,27802.14368534579 95474.86052056983,27802.14368534579 
PLINE 95474.86052056983,27802.14368534579 96224.10974838644,27802.14368534579 
PLINE 96224.10974838644,27802.14368534579 98810.1457936079,27802.14368534579 
PLINE 98810.1457936079,27802.14368534579 99374.86052056984,27802.14368534579 
PLINE 99374.86052056984,27802.14368534579 102260.01748008422,27802.14368534579 
PLINE 102260.01748008422,27802.14368534579 105244.51668867595,27802.14368534579 
PLINE 105244.51668867595,27802.14368534579 105676.2979208174,27802.14368534579 
PLINE 5824.860520569796,27803.042220319923 5961.32668598333,27803.042220319923 
PLINE 5961.32668598333,27803.042220319923 8974.860520569797,27803.042220319923 
PLINE 8974.860520569797,27803.042220319923 10424.8605205698,27803.042220319923 
PLINE 10424.8605205698,27803.042220319923 13358.601014329686,27803.042220319923 
PLINE 13358.601014329686,27803.042220319923 16274.8605205698,27803.042220319923 
PLINE 16274.8605205698,27803.042220319923 17024.860520569793,27803.042220319923 
PLINE 17024.860520569793,27803.042220319923 19583.684049981555,27803.042220319923 
PLINE 19583.684049981555,27803.042220319923 20316.03699115803,27803.042220319923 
PLINE 20316.03699115803,27803.042220319923 22874.860520569797,27803.042220319923 
PLINE 22874.860520569797,27803.042220319923 23624.860520569797,27803.042220319923 
PLINE 23624.860520569797,27803.042220319923 26183.684049981566,27803.042220319923 
PLINE 26183.684049981566,27803.042220319923 26867.168212877496,27803.042220319923 
PLINE 26867.168212877496,27803.042220319923 29474.860520569797,27803.042220319923 
PLINE 29474.860520569797,27803.042220319923 30224.860520569797,27803.042220319923 
PLINE 30224.860520569797,27803.042220319923 33153.13418244102,27803.042220319923 
PLINE 33153.13418244102,27803.042220319923 36453.8696938798,27803.042220319923 
PLINE 36453.8696938798,27803.042220319923 39764.712339585836,27803.042220319923 
PLINE 39764.712339585836,27803.042220319923 42674.86052056985,27803.042220319923 
PLINE 42674.86052056985,27803.042220319923 43354.965668127115,27803.042220319923 
PLINE 43354.965668127115,27803.042220319923 46032.55282826215,27803.042220319923 
PLINE 46032.55282826215,27803.042220319923 46716.03699115808,27803.042220319923 
PLINE 46716.03699115808,27803.042220319923 49655.72631134403,27803.042220319923 
PLINE 49655.72631134403,27803.042220319923 52950.94878413087,27803.042220319923 
PLINE 52950.94878413087,27803.042220319923 55874.86052056981,27803.042220319923 
PLINE 55874.86052056981,27803.042220319923 56624.86052056981,27803.042220319923 
PLINE 56624.86052056981,27803.042220319923 59549.860520569826,27803.042220319923 
PLINE 59549.860520569826,27803.042220319923 62849.86052056979,27803.042220319923 
PLINE 62849.86052056979,27803.042220319923 66157.41499639156,27803.042220319923 
PLINE 66157.41499639156,27803.042220319923 69449.8605205698,27803.042220319923 
PLINE 69449.8605205698,27803.042220319923 72716.83348645463,27803.042220319923 
PLINE 72716.83348645463,27803.042220319923 72724.67255064505,27803.042220319923 
PLINE 72724.67255064505,27803.042220319923 72974.86052056985,27803.042220319923 
PLINE 49473.27037707131,13164.142634117989 49549.86052056986,13164.142634117989 
PLINE 49549.86052056986,13164.142634117989 49671.30620697168,13164.142634117989 
PLINE 49671.30620697168,13164.142634117989 49668.46517173261,13164.142634117989 
PLINE 49668.46517173261,13164.142634117989 52618.97816762868,13164.142634117989 
PLINE 52618.97816762868,13164.142634117989 53280.742873511044,13164.142634117989 
PLINE 53280.742873511044,13164.142634117989 55799.860520569855,13164.142634117989 
PLINE 55799.860520569855,13164.142634117989 56699.86052056982,13164.142634117989 
PLINE 56699.86052056982,13164.142634117989 59549.85668828278,13164.142634117989 
PLINE 59549.85668828278,13164.142634117989 62399.86052056979,13164.142634117989 
PLINE 62399.86052056979,13164.142634117989 63299.8605205698,13164.142634117989 
PLINE 63299.8605205698,13164.142634117989 66147.34898446374,13164.142634117989 
PLINE 66147.34898446374,13164.142634117989 68999.8605205698,13164.142634117989 
PLINE 68999.8605205698,13164.142634117989 69899.8605205698,13164.142634117989 
PLINE 69899.8605205698,13164.142634117989 72749.86052056985,13164.142634117989 
PLINE 72749.86052056985,13164.142634117989 76050.1281222245,13164.142634117989 
PLINE 76050.1281222245,13164.142634117989 79348.37757840652,13164.142634117989 
PLINE 79348.37757840652,13164.142634117989 82649.86052056987,13164.142634117989 
PLINE 82649.86052056987,13164.142634117989 85935.10194262712,13164.142634117989 
PLINE 85935.10194262712,13164.142634117989 89156.87943835772,13164.142634117989 
PLINE 89156.87943835772,13164.142634117989 89924.86052056882,13164.142634117989 
PLINE 89924.86052056882,13164.142634117989 92355.77375076931,13164.142634117989 
PLINE 92355.77375076931,13164.142634117989 92448.50527258826,13164.142634117989 
PLINE 92448.50527258826,13164.142634117989 92774.86052056985,13164.142634117989 
PLINE 3624.860520569798,19394.38326486079 3624.860520569798,19394.38326486079 
PLINE 3624.860520569798,19394.38326486079 5237.51074194867,19394.38326486079 
PLINE 5237.51074194867,19394.38326486079 5574.860520569798,19394.38326486079 
PLINE 9824.8605205698,19397.91290229315 10051.793887442398,19397.91290229315 
PLINE 10051.793887442398,19397.91290229315 10774.8605205698,19397.91290229315 
PLINE 10774.8605205698,19397.91290229315 11974.8605205698,19397.91290229315 
PLINE 11974.8605205698,19397.91290229315 13358.601014329686,19397.91290229315 
PLINE 13358.601014329686,19397.91290229315 13574.8605205698,19397.91290229315 
PLINE 9824.8605205698,13058.40765510469 9896.591726269793,13058.40765510469 
PLINE 9896.591726269793,13058.40765510469 10051.793887442398,13058.40765510469 
PLINE 10051.793887442398,13058.40765510469 10274.8605205698,13058.40765510469 
PLINE 9824.8605205698,13600.71534741238 10051.793887442398,13600.71534741238 
PLINE 10051.793887442398,13600.71534741238 10274.8605205698,13600.71534741238 
PLINE 10051.793887442398,15647.033218598883 10150.61218644581,15647.033218598883 
PLINE 10150.61218644581,15647.033218598883 11099.8605205698,15647.033218598883 
PLINE 11099.8605205698,15647.033218598883 12299.8605205698,15647.033218598883 
PLINE 12299.8605205698,15647.033218598883 13227.24100462902,15647.033218598883 
PLINE 13227.24100462902,15647.033218598883 13358.601014329686,15647.033218598883 
PLINE 13249.8605205698,23383.40765510469 13358.601014329686,23383.40765510469 
PLINE 13358.601014329686,23383.40765510469 13449.8605205698,23383.40765510469 
PLINE 92449.86052056985,23853.74839464594 92549.86052056983,23853.74839464594 
PLINE 92549.86052056983,23853.74839464594 92649.86052056985,23853.74839464594 
PLINE 39734.56685542518,16283.731009665009 39849.86052056985,16283.731009665009 
PLINE 39849.86052056985,16283.731009665009 47456.501511811235,16283.731009665009 
PLINE 47456.501511811235,16283.731009665009 48940.39995171069,16283.731009665009 
PLINE 48940.39995171069,16283.731009665009 49549.86052056986,16283.731009665009 
PLINE 49549.86052056986,16283.731009665009 49668.46517173261,16283.731009665009 
PLINE 62749.8605205698,23158.40765510463 62849.86052056979,23158.40765510463 
PLINE 62849.86052056979,23158.40765510463 62949.86052056978,23158.40765510463 
PLINE 82549.86052056985,18508.40765510469 82649.86052056987,18508.40765510469 
PLINE 82649.86052056987,18508.40765510469 82749.86052056985,18508.40765510469 
PLINE 82549.86052056985,17308.40765510469 82649.86052056987,17308.40765510469 
PLINE 82649.86052056987,17308.40765510469 82749.86052056985,17308.40765510469 
PLINE 92324.86052056985,17783.582480279514 92448.50527258826,17783.582480279514 
PLINE 92448.50527258826,17783.582480279514 99259.86052056984,17783.582480279514 
PLINE 99259.86052056984,17783.582480279514 99374.86052056985,17783.582480279514 
PLINE 99174.86052056985,16683.40765510469 99259.86052056984,16683.40765510469 
PLINE 99259.86052056984,16683.40765510469 99374.86052056985,16683.40765510469 
PLINE 99174.86052056985,14283.40765510469 99259.86052056984,14283.40765510469 
PLINE 99259.86052056984,14283.40765510469 99374.86052056985,14283.40765510469 
PLINE 92324.86052056985,15958.40765510469 92448.50527258826,15958.40765510469 
PLINE 92448.50527258826,15958.40765510469 92524.86052056983,15958.40765510469 
PLINE 85935.10194262712,14501.14959058856 86049.86052056985,14501.14959058856 
PLINE 86049.86052056985,14501.14959058856 89156.87943835772,14501.14959058856 
PLINE 89156.87943835772,14501.14959058856 89249.86052056985,14501.14959058856 
PLINE 85935.10194262712,16908.40765510469 86049.86052056985,16908.40765510469 
PLINE 86049.86052056985,16908.40765510469 89049.86052056985,16908.40765510469 
PLINE 89049.86052056985,16908.40765510469 89160.93233448011,16908.40765510469 
PLINE 89049.86052056985,18706.5919994532 89164.1092765209,18706.5919994532 
PLINE 89164.1092765209,18706.5919994532 89249.86052056985,18706.5919994532 
PLINE 89049.86052056985,16408.40765510469 89160.93233448011,16408.40765510469 
PLINE 89160.93233448011,16408.40765510469 89249.86052056985,16408.40765510469 
PLINE 89049.86052056985,15208.40765510467 89156.87943835772,15208.40765510467 
PLINE 89156.87943835772,15208.40765510467 89249.86052056985,15208.40765510467 
PLINE 89049.86052056985,17411.60202605973 89160.93233448011,17411.60202605973 
PLINE 89160.93233448011,17411.60202605973 89249.86052056985,17411.60202605973 
PLINE 33049.8605205698,17308.40765510469 33153.13418244102,17308.40765510469 
PLINE 33153.13418244102,17308.40765510469 33249.8605205698,17308.40765510469 
PLINE 73949.86052056985,28987.84355885785 73993.88576351467,28987.84355885785 
PLINE 73993.88576351467,28987.84355885785 76044.91918483804,28987.84355885785 
PLINE 76044.91918483804,28987.84355885785 78110.46273504477,28987.84355885785 
PLINE 78110.46273504477,28987.84355885785 78154.57722592122,28987.84355885785 
PLINE 72724.67255064505,23684.797006991637 72849.86052056985,23684.797006991637 
PLINE 72849.86052056985,23684.797006991637 73446.75218509913,23684.797006991637 
PLINE 73446.75218509913,23684.797006991637 74658.28638668213,23684.797006991637 
PLINE 74658.28638668213,23684.797006991637 76044.91918483804,23684.797006991637 
PLINE 76044.91918483804,23684.797006991637 77440.63318892082,23684.797006991637 
PLINE 77440.63318892082,23684.797006991637 78550.9471895504,23684.797006991637 
PLINE 78550.9471895504,23684.797006991637 79250.0874780561,23684.797006991637 
PLINE 79250.0874780561,23684.797006991637 79371.3900540372,23684.797006991637 
PLINE 36346.52803358513,23158.87466074594 36453.8696938798,23158.87466074594 
PLINE 36453.8696938798,23158.87466074594 36554.67255739485,23158.87466074594 
PLINE 52856.54298688682,24790.20828106189 52950.94878413087,24790.20828106189 
PLINE 52950.94878413087,24790.20828106189 56254.88118382815,24790.20828106189 
PLINE 56254.88118382815,24790.20828106189 57697.02610776869,24790.20828106189 
PLINE 57697.02610776869,24790.20828106189 57794.88418453274,24790.20828106189 
PLINE 9949.8605205698,15008.40765510469 10051.793887442398,15008.40765510469 
PLINE 10051.793887442398,15008.40765510469 10149.8605205698,15008.40765510469 
PLINE 39734.56685542518,13322.077927040875 39877.45705765334,13165.286867002571 
PLINE 39877.45705765334,13165.286867002571 39974.8605205698,13058.40765510469 
PLINE 39974.8605205698,13058.40765510469 41250.74218401314,11658.40376837701 
PLINE 41250.74218401314,11658.40376837701 41341.87355682663,11558.406817407918 
PLINE 39676.279615608255,13165.286867002571 39734.56685542518,13102.093145482548 
PLINE 39734.56685542518,13102.093145482548 39774.86052056987,13058.40765510469 
PLINE 39774.86052056987,13058.40765510469 41158.39841720604,11558.406817407918 
PLINE 41158.39841720604,11558.406817407918 41250.63071704826,11458.41062116176 
PLINE 5237.51074194867,13222.032038429446 5425.487679625807,13058.40765510469 
PLINE 5425.487679625807,13058.40765510469 5422.551127999293,13060.96377424849 
PLINE 5422.551127999293,13060.96377424849 7826.226378606535,10968.686469097847 
PLINE 7826.226378606535,10968.686469097847 10051.793887442398,9031.442913155108 
PLINE 10051.793887442398,9031.442913155108 10310.690463556333,8806.086584155362 
PLINE 92355.77375076931,13164.142634117989 92448.50527258826,13083.249178914222 
PLINE 92448.50527258826,13083.249178914222 92476.98214134554,13058.40765510469 
PLINE 92476.98214134554,13058.40765510469 95849.86052056985,10116.109494504795 
PLINE 95849.86052056985,10116.109494504795 96001.9821413456,9983.407655104693 
PLINE 8773.913524697786,11996.27552298774 8809.43297881279,11961.085064346633 
PLINE 8809.43297881279,11961.085064346633 8844.95243292781,11925.89460570551 
PLINE 7856.978399852908,11285.88644068756 8000.052430067193,11144.137619701407 
PLINE 8000.052430067193,11144.137619701407 8143.126460281431,11002.3887987153 
PLINE 102260.01748008422,27802.14368534579 102349.51209856497,27708.40765510469 
PLINE 102349.51209856497,27708.40765510469 102906.6385775544,27124.877322563916 
PLINE 102906.6385775544,27124.877322563916 103699.22103271041,26294.73206638785 
PLINE 103699.22103271041,26294.73206638785 103769.7678799023,26220.8417977432 
PLINE 78007.8399818085,29083.40765510469 78110.46273504477,28987.84355885785 
PLINE 78110.46273504477,28987.84355885785 79271.59776468136,27906.57438386034 
PLINE 79271.59776468136,27906.57438386034 79371.3900540372,27813.646064906192 
PLINE 79371.3900540372,27813.646064906192 79383.74203459911,27802.14368534579 
PLINE 48168.61319527385,11558.406817407918 48249.86052056985,11658.40376837701 
PLINE 48249.86052056985,11658.40376837701 49473.27037707131,13164.142634117989 
PLINE 49473.27037707131,13164.142634117989 49549.86052056986,13258.40765510469 
PLINE 49549.86052056986,13258.40765510469 49668.46517173261,13404.38296498498 
PLINE 48249.86052056985,11458.41062116176 48333.19082142077,11558.406817407918 
PLINE 48333.19082142077,11558.406817407918 49583.19357926778,13058.40765510469 
PLINE 49583.19357926778,13058.40765510469 49668.46517173261,13160.73339744888 
PLINE 49668.46517173261,13160.73339744888 49671.30620697168,13164.142634117989 
PLINE 98875.19322595866,21588.968778954062 98912.1386215346,21625.00843152356 
PLINE 98912.1386215346,21625.00843152356 99259.86052056984,21964.20567753169 
PLINE 99259.86052056984,21964.20567753169 103699.22103271041,26294.73206638785 
PLINE 103699.22103271041,26294.73206638785 105244.51668867595,27802.14368534579 
PLINE 105244.51668867595,27802.14368534579 105353.45126818225,27908.40765510469 
PLINE 95697.73889979415,9983.407655104693 95849.86052056985,10116.109494504795 
PLINE 95849.86052056985,10116.109494504795 99222.738899794,13058.40765510469 
PLINE 99222.738899794,13058.40765510469 99222.738899794,13058.40765510469 
PLINE 99222.738899794,13058.40765510469 99259.86052056984,13090.79034556872 
PLINE 7826.226378606535,10968.686469097847 7859.616543688235,11002.3887987153 
PLINE 7859.616543688235,11002.3887987153 8000.052430067193,11144.137619701407 
PLINE 8000.052430067193,11144.137619701407 8809.43297881279,11961.085064346633 
PLINE 8809.43297881279,11961.085064346633 9896.591726269793,13058.40765510469 
PLINE 9896.591726269793,13058.40765510469 9896.591726269793,13058.40765510469 
PLINE 9896.591726269793,13058.40765510469 10051.793887442398,13215.060800735482 
PLINE 102870.474522828,27090.3496359088 102906.6385775544,27124.877322563916 
PLINE 102906.6385775544,27124.877322563916 102942.80263228068,27159.40500921889 
PLINE 72716.83348645463,27803.042220319923 72724.67255064505,27810.31501088028 
PLINE 72724.67255064505,27810.31501088028 72827.83037482161,27906.02098185777 
PLINE 72827.83037482161,27906.02098185777 73993.88576351467,28987.84355885785 
PLINE 73993.88576351467,28987.84355885785 74096.8906663179,29083.40765510469 
