PLINE 8000.052430067193,11144.137619701407 8809.43297881279,11961.085064346633 
PLINE 89156.87943835772,13258.40765510469 89156.87943835772,14501.14959058856 
PLINE 47456.501511811235,16283.731009665009 48940.39995171069,16283.731009665009 
PLINE 92448.50527258826,15958.40765510469 92448.50527258826,17783.582480279514 
PLINE 82649.86052056987,17308.40765510469 82649.86052056987,18508.40765510469 
PLINE 33153.13418244102,17308.40765510469 33153.13418244102,19392.752895009166 
PLINE 49668.46517173261,19332.49923063423 51549.86052056985,19332.49923063423 
PLINE 57524.8605205698,19332.49923063423 59549.85668828278,19332.49923063423 
PLINE 59549.85668828278,19332.49923063423 61574.86052056984,19332.49923063423 
PLINE 59549.85668828278,19332.49923063423 61574.86052056984,19332.49923063423 
PLINE 67549.86052056985,19332.49923063423 69049.8605205698,19332.49923063423 
PLINE 69049.8605205698,19332.49923063423 72749.86052056985,19332.49923063423 
PLINE 74463.50288638035,19332.49923063423 76050.1281222245,19332.49923063423 
PLINE 76050.1281222245,19332.49923063423 77654.01366479365,19332.49923063423 
PLINE 10774.8605205698,19397.91290229315 11974.8605205698,19397.91290229315 
PLINE 84224.86052056985,19409.898136185893 85935.10194262712,19409.898136185893 
PLINE 84224.86052056985,19409.898136185893 85935.10194262712,19409.898136185893 
PLINE 33153.13418244102,19392.752895009166 33153.13418244102,21430.180769812294 
PLINE 5237.51074194867,19394.38326486079 5237.51074194867,21579.00471659674 
PLINE 10051.793887442398,19397.91290229315 10051.793887442398,21579.00471659674 
PLINE 13358.601014329686,19397.91290229315 13358.601014329686,21579.00471659674 
PLINE 85935.10194262712,19409.898136185893 85935.10194262712,21565.43492964385 
PLINE 57697.02610776869,21570.263003757103 59549.860520569826,21570.263003757103 
PLINE 79371.3900540372,21565.43492964385 81074.86052056985,21565.43492964385 
PLINE 62849.86052056979,21570.263003757103 62849.86052056979,23158.40765510463 
PLINE 13358.601014329686,21579.00471659674 13358.601014329686,23383.40765510469 
PLINE 92549.86052056983,21588.968778954062 92549.86052056983,23853.74839464594 
PLINE 57697.02610776869,21570.263003757103 57697.02610776869,24790.20828106189 
PLINE 56254.88118382815,21657.55929905123 56254.88118382815,24790.20828106189 
PLINE 73446.75218509913,23684.797006991637 74658.28638668213,23684.797006991637 
PLINE 74658.28638668213,23684.797006991637 76044.91918483804,23684.797006991637 
PLINE 76044.91918483804,23684.797006991637 77440.63318892082,23684.797006991637 
PLINE 77440.63318892082,23684.797006991637 78550.9471895504,23684.797006991637 
PLINE 43354.965668127115,21570.263003757103 43354.965668127115,27803.042220319923 
PLINE 49655.72631134403,21570.263003757103 49655.72631134403,27803.042220319923 
PLINE 33153.13418244102,21908.40765510469 33153.13418244102,27803.042220319923 
PLINE 52950.94878413087,24790.20828106189 52950.94878413087,27803.042220319923 
PLINE 102906.6385775544,27124.877322563916 103699.22103271041,26294.73206638785 
PLINE 49655.72631134403,27803.042220319923 52950.94878413087,27803.042220319923 
PLINE 66157.41499639156,27803.042220319923 69449.8605205698,27803.042220319923 
