
PLINE 72724.67255064505,27803.042220319923 72724.67255064505,27810.31501088028 72724.67255064505,27810.31501088028 72716.83348645463,27803.042220319923 72716.83348645463,27803.042220319923 69449.8605205698,27803.042220319923 69449.8605205698,27803.042220319923 69449.8605205698,21658.40765510463 69449.8605205698,21570.263003757103 71024.86052056985,21570.263003757103 71024.86052056985,21570.263003757103 72724.67255064505,21570.263003757103 
 72724.67255064505,21570.263003757103 72724.67255064505,23684.797006991637 72724.67255064505,23684.797006991637 72724.67255064505,27803.042220319923 

PLINE 79371.3900540372,27802.14368534579 79371.3900540372,27813.646064906192 79371.3900540372,27813.646064906192 79383.74203459911,27802.14368534579 79383.74203459911,27802.14368534579 82649.86052056985,27802.14368534579 82649.86052056985,27802.14368534579 82649.86052056985,21658.40765510463 82649.86052056985,21565.43492964385 81074.86052056985,21565.43492964385 81074.86052056985,21565.43492964385 79371.3900540372,21565.43492964385 
 79371.3900540372,21565.43492964385 79371.3900540372,23684.797006991637 79371.3900540372,23684.797006991637 79371.3900540372,27802.14368534579 

PLINE 69449.8605205698,21570.263003757103 69449.8605205698,21658.40765510463 69449.8605205698,21658.40765510463 69449.8605205698,27803.042220319923 69449.8605205698,27803.042220319923 66157.41499639156,27803.042220319923 66157.41499639156,27803.042220319923 66157.41499639156,21570.263003757103 66157.41499639156,21570.263003757103 67874.8605205698,21570.263003757103 67874.8605205698,21570.263003757103 69449.8605205698,21570.263003757103 
 

PLINE 56254.88118382815,21570.263003757103 56254.88118382815,21657.55929905123 56254.88118382815,21657.55929905123 56254.88118382815,24790.20828106189 56254.88118382815,24790.20828106189 52950.94878413087,24790.20828106189 52950.94878413087,24790.20828106189 52950.94878413087,21570.263003757103 52950.94878413087,21570.263003757103 56254.88118382815,21570.263003757103 

PLINE 56254.88118382815,21570.263003757103 56254.88118382815,21657.55929905123 56254.88118382815,21657.55929905123 56254.88118382815,24790.20828106189 56254.88118382815,24790.20828106189 57697.02610776869,24790.20828106189 57697.02610776869,24790.20828106189 57697.02610776869,21570.263003757103 57697.02610776869,21570.263003757103 56254.88118382815,21570.263003757103 

PLINE 82649.86052056985,21565.43492964385 82649.86052056985,21658.40765510463 82649.86052056985,21658.40765510463 82649.86052056985,27802.14368534579 82649.86052056985,27802.14368534579 85935.10194262712,27802.14368534579 85935.10194262712,27802.14368534579 85935.10194262712,21565.43492964385 85935.10194262712,21565.43492964385 84224.86052056987,21565.43492964385 84224.86052056987,21565.43492964385 82649.86052056985,21565.43492964385 
 

PLINE 81864.14623485557,19332.49923063423 81864.14623485557,19409.898136185893 81864.14623485557,19409.898136185893 82649.86052056987,19409.898136185893 82649.86052056987,19308.40765510469 82649.86052056987,18508.40765510469 82649.86052056987,18508.40765510469 82649.86052056987,17308.40765510469 82649.86052056987,17308.40765510469 82649.86052056987,13164.142634117989 82649.86052056987,13164.142634117989 79348.37757840652,13164.142634117989 
 79348.37757840652,13164.142634117989 79348.37757840652,19332.49923063423 79348.37757840652,19332.49923063423 81035.57480628414,19332.49923063423 81035.57480628414,19332.49923063423 81864.14623485557,19332.49923063423 

PLINE 39676.279615608255,13165.286867002571 39734.56685542518,13165.286867002571 39734.56685542518,13322.077927040875 39734.56685542518,16283.731009665009 39734.56685542518,16283.731009665009 39734.56685542518,19392.752895009166 39734.56685542518,19392.752895009166 33153.13418244102,19392.752895009166 33153.13418244102,19392.752895009166 33153.13418244102,17308.40765510469 33153.13418244102,17308.40765510469 33153.13418244102,13165.286867002571 
 33153.13418244102,13165.286867002571 35999.8605205698,13165.286867002571 35999.8605205698,13165.286867002571 36899.8605205698,13165.286867002571 36899.8605205698,13165.286867002571 39676.279615608255,13165.286867002571 

PLINE 39676.279615608255,13165.286867002571 39734.56685542518,13165.286867002571 39974.8605205698,13058.40765510469 41250.74218401314,11658.40376837701 41341.87355682663,11558.406817407918 48168.61319527385,11558.406817407918 48249.86052056985,11658.40376837701 49473.27037707131,13164.142634117989 49668.46517173261,13404.38296498498 49668.46517173261,16283.731009665009 49549.86052056986,16283.731009665009 48940.39995171069,16283.731009665009 
 48940.39995171069,16283.731009665009 47456.501511811235,16283.731009665009 47456.501511811235,16283.731009665009 39849.86052056985,16283.731009665009 39734.56685542518,16283.731009665009 39734.56685542518,19392.752895009166 39734.56685542518,19392.752895009166 33153.13418244102,19392.752895009166 33153.13418244102,19392.752895009166 33153.13418244102,17308.40765510469 33153.13418244102,17308.40765510469 33153.13418244102,13165.286867002571 
 33153.13418244102,13165.286867002571 35999.8605205698,13165.286867002571 35999.8605205698,13165.286867002571 36899.8605205698,13165.286867002571 36899.8605205698,13165.286867002571 39676.279615608255,13165.286867002571 

PLINE 46124.86052056984,21570.263003757103 46574.86052056984,21570.263003757103 46574.86052056984,21570.263003757103 49655.72631134403,21570.263003757103 49655.72631134403,21570.263003757103 49655.72631134403,27803.042220319923 49655.72631134403,27803.042220319923 46716.03699115808,27803.042220319923 46716.03699115808,27803.042220319923 46032.55282826215,27803.042220319923 46032.55282826215,27803.042220319923 43354.965668127115,27803.042220319923 
 43354.965668127115,27803.042220319923 43354.965668127115,21570.263003757103 43354.965668127115,21570.263003757103 46124.86052056984,21570.263003757103 

PLINE 52724.86052056986,19332.49923063423 53174.86052056986,19332.49923063423 53174.86052056986,19332.49923063423 57524.8605205698,19332.49923063423 57524.8605205698,19332.49923063423 59549.85668828278,19332.49923063423 59549.85668828278,19332.49923063423 59549.85668828278,13164.142634117989 59549.85668828278,13164.142634117989 56699.86052056982,13164.142634117989 56699.86052056982,13164.142634117989 55799.860520569855,13164.142634117989 
 55799.860520569855,13164.142634117989 53280.742873511044,13164.142634117989 53280.742873511044,13164.142634117989 52618.97816762868,13164.142634117989 52618.97816762868,13164.142634117989 49668.46517173261,13164.142634117989 49668.46517173261,13404.38296498498 49668.46517173261,16283.731009665009 49668.46517173261,16283.731009665009 49668.46517173261,19332.49923063423 49668.46517173261,19332.49923063423 51549.86052056985,19332.49923063423 
 51549.86052056985,19332.49923063423 52724.86052056986,19332.49923063423 

PLINE 10424.8605205698,27803.042220319923 13358.601014329686,27803.042220319923 13358.601014329686,27803.042220319923 13358.601014329686,23383.40765510469 13358.601014329686,23383.40765510469 13358.601014329686,21579.00471659674 13358.601014329686,21579.00471659674 10051.793887442398,21579.00471659674 10051.793887442398,21579.00471659674 5961.32668598333,21579.00471659674 5961.32668598333,21579.00471659674 5961.32668598333,27803.042220319923 
 5961.32668598333,27803.042220319923 8974.860520569797,27803.042220319923 8974.860520569797,27803.042220319923 10424.8605205698,27803.042220319923 

PLINE 36453.8696938798,27803.042220319923 39764.712339585836,27803.042220319923 39764.712339585836,27803.042220319923 39764.712339585836,21570.263003757103 39764.712339585836,21570.263003757103 36453.8696938798,21570.263003757103 36453.8696938798,21570.263003757103 36453.8696938798,23158.87466074594 36453.8696938798,23158.87466074594 36453.8696938798,27803.042220319923 

PLINE 42674.86052056985,27803.042220319923 43354.965668127115,27803.042220319923 43354.965668127115,27803.042220319923 43354.965668127115,21570.263003757103 43354.965668127115,21570.263003757103 39764.712339585836,21570.263003757103 39764.712339585836,21570.263003757103 39764.712339585836,27803.042220319923 39764.712339585836,27803.042220319923 42674.86052056985,27803.042220319923 

PLINE 49655.72631134403,27803.042220319923 52950.94878413087,27803.042220319923 52950.94878413087,27803.042220319923 52950.94878413087,24790.20828106189 52950.94878413087,24790.20828106189 52950.94878413087,21570.263003757103 52950.94878413087,21570.263003757103 51230.61386728267,21570.263003757103 51230.61386728267,21570.263003757103 49655.72631134403,21570.263003757103 49655.72631134403,21570.263003757103 49655.72631134403,27803.042220319923 
 

PLINE 56624.86052056981,27803.042220319923 59549.860520569826,27803.042220319923 59549.860520569826,27803.042220319923 59549.860520569826,21570.263003757103 59549.860520569826,21570.263003757103 57697.02610776869,21570.263003757103 57697.02610776869,21570.263003757103 56254.88118382815,21570.263003757103 56254.88118382815,21657.55929905123 56254.88118382815,24790.20828106189 56254.88118382815,24790.20828106189 52950.94878413087,24790.20828106189 
 52950.94878413087,24790.20828106189 52950.94878413087,27803.042220319923 52950.94878413087,27803.042220319923 55874.86052056981,27803.042220319923 55874.86052056981,27803.042220319923 56624.86052056981,27803.042220319923 

PLINE 59549.860520569826,27803.042220319923 62849.86052056979,27803.042220319923 62849.86052056979,27803.042220319923 62849.86052056979,23158.40765510463 62849.86052056979,23158.40765510463 62849.86052056979,21570.263003757103 62849.86052056979,21570.263003757103 61274.8605205698,21570.263003757103 61274.8605205698,21570.263003757103 59549.860520569826,21570.263003757103 59549.860520569826,21570.263003757103 59549.860520569826,27803.042220319923 
 

PLINE 62849.86052056979,27803.042220319923 66157.41499639156,27803.042220319923 66157.41499639156,27803.042220319923 66157.41499639156,21570.263003757103 66157.41499639156,21570.263003757103 62849.86052056979,21570.263003757103 62849.86052056979,21570.263003757103 62849.86052056979,23158.40765510463 62849.86052056979,23158.40765510463 62849.86052056979,27803.042220319923 

PLINE 63299.8605205698,13164.142634117989 66147.34898446374,13164.142634117989 66147.34898446374,13164.142634117989 66147.34898446374,19332.49923063423 66147.34898446374,19332.49923063423 61574.86052056984,19332.49923063423 61574.86052056984,19332.49923063423 59549.85668828278,19332.49923063423 59549.85668828278,19332.49923063423 59549.85668828278,13164.142634117989 59549.85668828278,13164.142634117989 62399.86052056979,13164.142634117989 
 62399.86052056979,13164.142634117989 63299.8605205698,13164.142634117989 

PLINE 69899.8605205698,13164.142634117989 72749.86052056985,13164.142634117989 72749.86052056985,13164.142634117989 72749.86052056985,19332.49923063423 72749.86052056985,19332.49923063423 69049.8605205698,19332.49923063423 69049.8605205698,19332.49923063423 67549.86052056985,19332.49923063423 67549.86052056985,19332.49923063423 66147.34898446374,19332.49923063423 66147.34898446374,19332.49923063423 66147.34898446374,13164.142634117989 
 66147.34898446374,13164.142634117989 68999.8605205698,13164.142634117989 68999.8605205698,13164.142634117989 69899.8605205698,13164.142634117989 

PLINE 72749.86052056985,13164.142634117989 76050.1281222245,13164.142634117989 76050.1281222245,13164.142634117989 76050.1281222245,19332.49923063423 76050.1281222245,19332.49923063423 74463.50288638035,19332.49923063423 74463.50288638035,19332.49923063423 72749.86052056985,19332.49923063423 72749.86052056985,19332.49923063423 72749.86052056985,13164.142634117989 

PLINE 76050.1281222245,13164.142634117989 79348.37757840652,13164.142634117989 79348.37757840652,13164.142634117989 79348.37757840652,19332.49923063423 79348.37757840652,19332.49923063423 77654.01366479365,19332.49923063423 77654.01366479365,19332.49923063423 76050.1281222245,19332.49923063423 76050.1281222245,19332.49923063423 76050.1281222245,13164.142634117989 

PLINE 82649.86052056987,13164.142634117989 85935.10194262712,13164.142634117989 85935.10194262712,13164.142634117989 85935.10194262712,14501.14959058856 85935.10194262712,14501.14959058856 85935.10194262712,16908.40765510469 85935.10194262712,16908.40765510469 85935.10194262712,19409.898136185893 85935.10194262712,19409.898136185893 84224.86052056985,19409.898136185893 84224.86052056985,19409.898136185893 82649.86052056987,19409.898136185893 
 82649.86052056987,19308.40765510469 82649.86052056987,18508.40765510469 82649.86052056987,18508.40765510469 82649.86052056987,17308.40765510469 82649.86052056987,17308.40765510469 82649.86052056987,13164.142634117989 

PLINE 89924.86052056882,13164.142634117989 92355.77375076931,13164.142634117989 92448.50527258826,13164.142634117989 92448.50527258826,15958.40765510469 92448.50527258826,15958.40765510469 92448.50527258826,17783.582480279514 92448.50527258826,17783.582480279514 99259.86052056984,17783.582480279514 99259.86052056984,17783.582480279514 99259.86052056984,21588.968778954062 98875.19322595866,21588.968778954062 92549.86052056983,21588.968778954062 
 92549.86052056983,21588.968778954062 92549.86052056983,23853.74839464594 92549.86052056983,23853.74839464594 92549.86052056983,27802.14368534579 92549.86052056983,27802.14368534579 89624.86052056983,27802.14368534579 89624.86052056983,27802.14368534579 88874.86052056985,27802.14368534579 88874.86052056985,27802.14368534579 85935.10194262712,27802.14368534579 85935.10194262712,27802.14368534579 85935.10194262712,21565.43492964385 
 85935.10194262712,21565.43492964385 85935.10194262712,19409.898136185893 85935.10194262712,19409.898136185893 85935.10194262712,16908.40765510469 85935.10194262712,16908.40765510469 85935.10194262712,14501.14959058856 86049.86052056985,14501.14959058856 89156.87943835772,14501.14959058856 89156.87943835772,14501.14959058856 89156.87943835772,13258.40765510469 89156.87943835772,13164.142634117989 89924.86052056882,13164.142634117989 
 

PLINE 11974.8605205698,19397.91290229315 13358.601014329686,19397.91290229315 13358.601014329686,19397.91290229315 13358.601014329686,21579.00471659674 13358.601014329686,21579.00471659674 10051.793887442398,21579.00471659674 10051.793887442398,21579.00471659674 10051.793887442398,19397.91290229315 10051.793887442398,19397.91290229315 10774.8605205698,19397.91290229315 10774.8605205698,19397.91290229315 11974.8605205698,19397.91290229315 
 

PLINE 13227.24100462902,15647.033218598883 13358.601014329686,15647.033218598883 13358.601014329686,15647.033218598883 13358.601014329686,19397.91290229315 13358.601014329686,19397.91290229315 11974.8605205698,19397.91290229315 11974.8605205698,19397.91290229315 10774.8605205698,19397.91290229315 10774.8605205698,19397.91290229315 10051.793887442398,19397.91290229315 10051.793887442398,19397.91290229315 10051.793887442398,15647.033218598883 
 10150.61218644581,15647.033218598883 11099.8605205698,15647.033218598883 11099.8605205698,15647.033218598883 12299.8605205698,15647.033218598883 12299.8605205698,15647.033218598883 13227.24100462902,15647.033218598883 

PLINE 85935.10194262712,14501.14959058856 86049.86052056985,14501.14959058856 86049.86052056985,14501.14959058856 89156.87943835772,14501.14959058856 89156.87943835772,14501.14959058856 89156.87943835772,13258.40765510469 89156.87943835772,13164.142634117989 85935.10194262712,13164.142634117989 85935.10194262712,13164.142634117989 85935.10194262712,14501.14959058856 

PLINE 72724.67255064505,23684.797006991637 72849.86052056985,23684.797006991637 72849.86052056985,23684.797006991637 73446.75218509913,23684.797006991637 73446.75218509913,23684.797006991637 74658.28638668213,23684.797006991637 74658.28638668213,23684.797006991637 74658.28638668213,21570.263003757103 74658.28638668213,21570.263003757103 72724.67255064505,21570.263003757103 72724.67255064505,21570.263003757103 72724.67255064505,23684.797006991637 
 

PLINE 79250.0874780561,23684.797006991637 79371.3900540372,23684.797006991637 79371.3900540372,23684.797006991637 79371.3900540372,21565.43492964385 79371.3900540372,21565.43492964385 77440.63318892082,21565.43492964385 77440.63318892082,21565.43492964385 77440.63318892082,23684.797006991637 77440.63318892082,23684.797006991637 78550.9471895504,23684.797006991637 78550.9471895504,23684.797006991637 79250.0874780561,23684.797006991637 
 

PLINE 41250.74218401314,11658.40376837701 41341.87355682663,11558.406817407918 41249.86052056986,11558.406817407918 41158.39841720604,11558.406817407918 41158.39841720604,11558.406817407918 39774.86052056987,13058.40765510469 39734.56685542518,13165.286867002571 39877.45705765334,13165.286867002571 39974.8605205698,13058.40765510469 41250.74218401314,11658.40376837701 

PLINE 102260.01748008422,27802.14368534579 102349.51209856497,27708.40765510469 102349.51209856497,27708.40765510469 102906.6385775544,27124.877322563916 102906.6385775544,27124.877322563916 103699.22103271041,26294.73206638785 103699.22103271041,26294.73206638785 105244.51668867595,27802.14368534579 105244.51668867595,27802.14368534579 102260.01748008422,27802.14368534579 

PLINE 79271.59776468136,27906.57438386034 79371.3900540372,27813.646064906192 79371.3900540372,27802.14368534579 79371.3900540372,23684.797006991637 79250.0874780561,23684.797006991637 78550.9471895504,23684.797006991637 78550.9471895504,23684.797006991637 77440.63318892082,23684.797006991637 77440.63318892082,23684.797006991637 76044.91918483804,23684.797006991637 76044.91918483804,23684.797006991637 76044.91918483804,28883.40765510469 
 76044.91918483804,28987.84355885785 78110.46273504477,28987.84355885785 78110.46273504477,28987.84355885785 79271.59776468136,27906.57438386034 

PLINE 48249.86052056985,11458.41062116176 48333.19082142077,11558.406817407918 48249.86052056985,11658.40376837701 49473.27037707131,13164.142634117989 49668.46517173261,13404.38296498498 49668.46517173261,16283.731009665009 49549.86052056986,16283.731009665009 48940.39995171069,16283.731009665009 48940.39995171069,16283.731009665009 47456.501511811235,16283.731009665009 47456.501511811235,16283.731009665009 39849.86052056985,16283.731009665009 
 39734.56685542518,16283.731009665009 39734.56685542518,13322.077927040875 39774.86052056987,13058.40765510469 41158.39841720604,11558.406817407918 41341.87355682663,11558.406817407918 48168.61319527385,11558.406817407918 

PLINE 49583.19357926778,13058.40765510469 49668.46517173261,13160.73339744888 49668.46517173261,13160.73339744888 49668.46517173261,13164.142634117989 49473.27037707131,13164.142634117989 48249.86052056985,11658.40376837701 48333.19082142077,11558.406817407918 49583.19357926778,13058.40765510469 

PLINE 98912.1386215346,21625.00843152356 99259.86052056984,21964.20567753169 99259.86052056984,21964.20567753169 103699.22103271041,26294.73206638785 103699.22103271041,26294.73206638785 102906.6385775544,27124.877322563916 102906.6385775544,27124.877322563916 102349.51209856497,27708.40765510469 102260.01748008422,27802.14368534579 99374.86052056984,27802.14368534579 99374.86052056984,27802.14368534579 98810.1457936079,27802.14368534579 
 98810.1457936079,27802.14368534579 96224.10974838644,27802.14368534579 96224.10974838644,27802.14368534579 95474.86052056983,27802.14368534579 95474.86052056983,27802.14368534579 92549.86052056983,27802.14368534579 92549.86052056983,27802.14368534579 92549.86052056983,23853.74839464594 92549.86052056983,23853.74839464594 92549.86052056983,21588.968778954062 92549.86052056983,21588.968778954062 98875.19322595866,21588.968778954062 
 

PLINE 99222.738899794,13058.40765510469 99259.86052056984,13090.79034556872 99259.86052056984,13508.40765510469 99259.86052056984,14283.40765510469 99259.86052056984,14283.40765510469 99259.86052056984,16683.40765510469 99259.86052056984,16683.40765510469 99259.86052056984,17783.582480279514 99259.86052056984,17783.582480279514 92448.50527258826,17783.582480279514 92448.50527258826,17783.582480279514 92448.50527258826,15958.40765510469 
 92448.50527258826,15958.40765510469 92448.50527258826,13164.142634117989 92476.98214134554,13058.40765510469 95849.86052056985,10116.109494504795 95849.86052056985,10116.109494504795 99222.738899794,13058.40765510469 

PLINE 7859.616543688235,11002.3887987153 8000.052430067193,11144.137619701407 8000.052430067193,11144.137619701407 8809.43297881279,11961.085064346633 8809.43297881279,11961.085064346633 9896.591726269793,13058.40765510469 10051.793887442398,13058.40765510469 10051.793887442398,13215.060800735482 10051.793887442398,13600.71534741238 10051.793887442398,15008.40765510469 10051.793887442398,15008.40765510469 10051.793887442398,15647.033218598883 
 10051.793887442398,15647.033218598883 10051.793887442398,19397.91290229315 10051.793887442398,19397.91290229315 10051.793887442398,21579.00471659674 10051.793887442398,21579.00471659674 5961.32668598333,21579.00471659674 5961.32668598333,21579.00471659674 5237.51074194867,21579.00471659674 5237.51074194867,21579.00471659674 5237.51074194867,19394.38326486079 5237.51074194867,19394.38326486079 5237.51074194867,13508.40765510469 
 5422.551127999293,13060.96377424849 7826.226378606535,10968.686469097847 

PLINE 9896.591726269793,13058.40765510469 10051.793887442398,13215.060800735482 10051.793887442398,13600.71534741238 9824.8605205698,13600.71534741238 9896.591726269793,13058.40765510469 8809.43297881279,11961.085064346633 8809.43297881279,11961.085064346633 8000.052430067193,11144.137619701407 7826.226378606535,10968.686469097847 10051.793887442398,9031.442913155108 10051.793887442398,9031.442913155108 10051.793887442398,13058.40765510469 
 

PLINE 72724.67255064505,27810.31501088028 72827.83037482161,27906.02098185777 72827.83037482161,27906.02098185777 73993.88576351467,28987.84355885785 73993.88576351467,28987.84355885785 76044.91918483804,28987.84355885785 76044.91918483804,28883.40765510469 76044.91918483804,23684.797006991637 76044.91918483804,23684.797006991637 74658.28638668213,23684.797006991637 74658.28638668213,23684.797006991637 73446.75218509913,23684.797006991637 
 73446.75218509913,23684.797006991637 72849.86052056985,23684.797006991637 72724.67255064505,23684.797006991637 72724.67255064505,27803.042220319923 
