PLINE 6036.89941498082,25310.5819311659 6036.89941498082,25454.88017677993 
PLINE 6036.89941498082,25454.88017677993 6036.89941498082,31654.979811349134 
PLINE 6036.89941498082,31654.979811349134 6036.89941498082,31760.5819311659 
PLINE 13428.209966822424,16910.58193116589 13428.209966822424,17016.72245971607 
PLINE 13428.209966822424,17016.72245971607 13428.209966822424,19499.207494660084 
PLINE 13428.209966822424,19499.207494660084 13428.209966822424,23250.351032482144 
PLINE 13428.209966822424,23250.351032482144 13428.209966822424,25416.19462992906 
PLINE 13428.209966822424,25416.19462992906 13428.209966822424,31654.979811349134 
PLINE 13428.209966822424,31654.979811349134 13428.209966822424,31760.5819311659 
PLINE 5313.083470946161,16910.58193116589 5313.083470946161,16910.58193116589 
PLINE 5313.083470946161,16910.58193116589 5313.083470946161,17074.206314490657 
PLINE 5313.083470946161,17074.206314490657 5313.083470946161,17360.58193116589 
PLINE 5313.083470946161,17360.58193116589 5313.083470946161,23246.557540921996 
PLINE 5313.083470946161,23246.557540921996 5313.083470946161,25454.88017677993 
PLINE 5313.083470946161,25454.88017677993 5313.083470946161,25760.5819311659 
PLINE 20391.609720155528,31310.5819311659 20391.609720155528,31654.979811349134 
PLINE 20391.609720155528,31654.979811349134 20391.609720155528,31760.5819311659 
PLINE 19659.256778979052,31310.5819311659 19659.256778979052,31654.979811349134 
PLINE 19659.256778979052,31654.979811349134 19659.256778979052,31760.5819311659 
PLINE 20250.433249567293,25310.5819311659 20250.433249567293,25310.5819311659 
PLINE 20250.433249567293,25310.5819311659 20250.433249567293,25760.5819311659 
PLINE 20250.433249567293,25760.5819311659 20250.433249567293,25760.5819311659 
PLINE 19800.433249567293,25310.5819311659 19800.433249567293,25310.5819311659 
PLINE 19800.433249567293,25310.5819311659 19800.433249567293,25760.5819311659 
PLINE 19800.433249567293,25760.5819311659 19800.433249567293,25760.5819311659 
PLINE 20250.433249567293,22910.5819311659 20250.433249567293,22910.5819311659 
PLINE 20250.433249567293,22910.5819311659 20250.433249567293,23360.5819311659 
PLINE 20250.433249567293,23360.5819311659 20250.433249567293,23360.5819311659 
PLINE 19800.433249567293,22910.5819311659 19800.433249567293,22910.5819311659 
PLINE 19800.433249567293,22910.5819311659 19800.433249567293,23360.5819311659 
PLINE 19800.433249567293,23360.5819311659 19800.433249567293,23360.5819311659 
PLINE 20356.315602508468,16910.58193116589 20356.315602508468,17016.72245971607 
PLINE 20356.315602508468,17016.72245971607 20356.315602508468,17360.58193116589 
PLINE 19694.55089662611,16910.58193116589 19694.55089662611,17016.72245971607 
PLINE 19694.55089662611,17016.72245971607 19694.55089662611,17360.58193116589 
PLINE 26956.315602508457,16910.58193116589 26956.315602508457,17016.72245971607 
PLINE 26956.315602508457,17016.72245971607 26956.315602508457,17360.58193116589 
PLINE 26294.550896626108,16910.58193116589 26294.550896626108,17016.72245971607 
PLINE 26294.550896626108,17016.72245971607 26294.550896626108,17360.58193116589 
PLINE 26850.43324956728,22909.894337558246 26850.43324956728,22910.5819311659 
PLINE 26850.43324956728,22910.5819311659 26850.43324956728,23360.5819311659 
PLINE 26850.43324956728,23360.5819311659 26850.43324956728,23360.5819311659 
PLINE 26400.43324956728,22909.894337558246 26400.43324956728,22910.5819311659 
PLINE 26400.43324956728,22910.5819311659 26400.43324956728,23360.5819311659 
PLINE 26400.43324956728,23360.5819311659 26400.43324956728,23360.5819311659 
PLINE 26850.43324956728,25310.5819311659 26850.43324956728,25310.5819311659 
PLINE 26850.43324956728,25310.5819311659 26850.43324956728,25760.5819311659 
PLINE 26850.43324956728,25760.5819311659 26850.43324956728,25760.5819311659 
PLINE 26400.43324956728,25310.5819311659 26400.43324956728,25310.5819311659 
PLINE 26400.43324956728,25310.5819311659 26400.43324956728,25760.5819311659 
PLINE 26400.43324956728,25760.5819311659 26400.43324956728,25760.5819311659 
PLINE 26942.740941874974,31310.5819311659 26942.740941874974,31654.979811349134 
PLINE 26942.740941874974,31654.979811349134 26942.740941874974,31760.5819311659 
PLINE 26259.25677897905,31310.5819311659 26259.25677897905,31654.979811349134 
PLINE 26259.25677897905,31654.979811349134 26259.25677897905,31760.5819311659 
PLINE 33224.31650244066,16910.58193116589 33224.31650244066,17016.72245971607 
PLINE 33224.31650244066,17016.72245971607 33224.31650244066,23250.31130376026 
PLINE 33224.31650244066,23250.31130376026 33224.31650244066,25257.262818292304 
PLINE 33224.31650244066,25257.262818292304 33224.31650244066,25760.5819311659 
PLINE 33224.31650244066,25760.5819311659 33224.31650244066,31654.979811349134 
PLINE 33224.31650244066,31654.979811349134 33224.31650244066,31760.5819311659 
PLINE 99450.43324956734,31310.5819311659 99450.43324956734,31653.782091663372 
PLINE 99450.43324956734,31653.782091663372 99450.43324956734,31760.5819311659 
PLINE 99000.20224274167,31310.5819311659 99000.20224274167,31653.782091663372 
PLINE 99000.20224274167,31653.782091663372 99000.20224274167,31760.5819311659 
PLINE 92991.60972015558,31310.5819311659 92991.60972015558,31653.782091663372 
PLINE 92991.60972015558,31653.782091663372 92991.60972015558,31760.5819311659 
PLINE 92259.2567789791,31310.5819311659 92259.2567789791,31653.782091663372 
PLINE 92259.2567789791,31653.782091663372 92259.2567789791,31760.5819311659 
PLINE 92850.43324956734,25310.5819311659 92850.43324956734,25426.539377974357 
PLINE 92850.43324956734,25426.539377974357 92850.43324956734,25760.5819311659 
PLINE 92400.43324956734,25310.5819311659 92400.43324956734,25426.539377974357 
PLINE 92400.43324956734,25426.539377974357 92400.43324956734,25760.5819311659 
PLINE 39811.04057675793,25310.5819311659 39811.04057675793,25422.908926847023 
PLINE 39811.04057675793,25422.908926847023 39811.04057675793,31654.979811349134 
PLINE 39811.04057675793,31654.979811349134 39811.04057675793,31760.5819311659 
PLINE 46440.76171672059,25310.58193116584 46440.76171672059,25422.908926847023 
PLINE 46440.76171672059,25422.908926847023 46440.76171672059,31654.979811349134 
PLINE 46440.76171672059,31654.979811349134 46440.76171672059,31760.5819311659 
PLINE 53391.60972015556,31310.5819311659 53391.60972015556,31654.979811349134 
PLINE 53391.60972015556,31654.979811349134 53391.60972015556,31760.5819311659 
PLINE 52659.25677897907,31310.5819311659 52659.25677897907,31654.979811349134 
PLINE 52659.25677897907,31654.979811349134 52659.25677897907,31760.5819311659 
PLINE 59633.99268367095,25310.5819311659 59633.99268367095,25422.908926847023 
PLINE 59633.99268367095,25422.908926847023 59633.99268367095,31654.979811349134 
PLINE 59633.99268367095,31654.979811349134 59633.99268367095,31760.5819311659 
PLINE 39802.46172896569,16910.58193116589 39802.46172896569,17016.72245971607 
PLINE 39802.46172896569,17016.72245971607 39802.46172896569,20135.5819311659 
PLINE 39802.46172896569,20135.5819311659 39802.46172896569,23250.31130376026 
PLINE 39802.46172896569,23250.31130376026 39802.46172896569,23360.5819311659 
PLINE 46432.39266918671,16910.58193116589 46432.39266918671,17016.72245971607 
PLINE 46432.39266918671,17016.72245971607 46432.39266918671,23192.36843703033 
PLINE 46432.39266918671,23192.36843703033 46432.39266918671,23360.5819311659 
PLINE 53250.43324956733,25310.5819311659 53250.43324956733,25422.908926847023 
PLINE 53250.43324956733,25422.908926847023 53250.43324956733,25760.5819311659 
PLINE 52800.43324956733,25310.5819311659 52800.43324956733,25422.908926847023 
PLINE 52800.43324956733,25422.908926847023 52800.43324956733,25760.5819311659 
PLINE 53250.43324956733,22910.5819311659 53250.43324956733,23192.36843703033 
PLINE 53250.43324956733,23192.36843703033 53250.43324956733,23360.5819311659 
PLINE 52800.43324956733,22910.5819311659 52800.43324956733,23192.36843703033 
PLINE 52800.43324956733,23192.36843703033 52800.43324956733,23360.5819311659 
PLINE 53356.31560250851,16910.58193116589 53356.31560250851,17016.72245971607 
PLINE 53356.31560250851,17016.72245971607 53356.31560250851,17360.58193116589 
PLINE 52694.55089662616,16910.58193116589 52694.55089662616,17016.72245971607 
PLINE 52694.55089662616,17016.72245971607 52694.55089662616,17360.58193116589 
PLINE 59625.42941728026,16910.58193116589 59625.42941728026,17016.72245971607 
PLINE 59625.42941728026,17016.72245971607 59625.42941728026,23192.36843703033 
PLINE 59625.42941728026,23192.36843703033 59625.42941728026,23360.63029529842 
PLINE 79423.950307404,16910.58193116589 79423.950307404,17016.72245971607 
PLINE 79423.950307404,17016.72245971607 79423.950307404,23192.36843703033 
PLINE 79423.950307404,23192.36843703033 79423.950307404,23360.5819311659 
PLINE 72825.43324956733,16910.58193116589 72825.43324956733,17016.72245971607 
PLINE 72825.43324956733,17016.72245971607 72825.43324956733,23192.36843703033 
PLINE 72825.43324956733,23192.36843703033 72825.43324956733,23360.5819311659 
PLINE 66226.40642951113,16910.58193116589 66226.40642951113,17016.72245971607 
PLINE 66226.40642951113,17016.72245971607 66226.40642951113,23192.36843703033 
PLINE 66226.40642951113,23192.36843703033 66226.40642951113,23360.5819311659 
PLINE 66225.43324956729,25310.5819311659 66225.43324956729,25422.908926847023 
PLINE 66225.43324956729,25422.908926847023 66225.43324956729,31654.979811349134 
PLINE 66225.43324956729,31654.979811349134 66225.43324956729,31760.5819311659 
PLINE 72807.87599765894,25310.5819311659 72807.87599765894,25422.908926847023 
PLINE 72807.87599765894,25422.908926847023 72807.87599765894,27536.97128305285 
PLINE 72807.87599765894,27536.97128305285 72807.87599765894,31654.979811349134 
PLINE 72807.87599765894,31654.979811349134 72807.87599765894,31669.56878171418 
PLINE 72807.87599765894,31669.56878171418 72807.87599765894,31760.5819311659 
PLINE 79447.93781549553,25310.5819311659 79447.93781549553,25415.053850777927 
PLINE 79447.93781549553,25415.053850777927 79447.93781549553,27536.97128305285 
PLINE 79447.93781549553,27536.97128305285 79447.93781549553,31653.782091663372 
PLINE 79447.93781549553,31653.782091663372 79447.93781549553,31664.912373747444 
PLINE 79447.93781549553,31664.912373747444 79447.93781549553,31760.5819311659 
PLINE 99293.43306415982,16906.32616201906 99293.43306415982,16910.58193116589 
PLINE 99293.43306415982,16910.58193116589 99293.43306415982,16910.58193116589 
PLINE 99293.43306415982,16910.58193116589 99293.43306415982,17360.58193116589 
PLINE 99293.43306415982,17360.58193116589 99293.43306415982,18135.58193116589 
PLINE 99293.43306415982,18135.58193116589 99293.43306415982,20535.581931165896 
PLINE 99293.43306415982,20535.581931165896 99293.43306415982,21635.75675634072 
PLINE 99293.43306415982,21635.75675634072 99293.43306415982,25426.539377974357 
PLINE 99293.43306415982,25426.539377974357 99293.43306415982,25463.99006722658 
PLINE 99293.43306415982,25463.99006722658 99293.43306415982,25760.5819311659 
PLINE 86017.75249157046,16910.58193116589 86017.75249157046,17016.72245971607 
PLINE 86017.75249157046,17016.72245971607 86017.75249157046,18353.32386664977 
PLINE 86017.75249157046,18353.32386664977 86017.75249157046,20760.5819311659 
PLINE 86017.75249157046,20760.5819311659 86017.75249157046,23168.70248972207 
PLINE 86017.75249157046,23168.70248972207 86017.75249157046,23267.518960837657 
PLINE 86017.75249157046,23267.518960837657 86017.75249157046,25415.053850777927 
PLINE 86017.75249157046,25415.053850777927 86017.75249157046,31653.782091663372 
PLINE 86017.75249157046,31653.782091663372 86017.75249157046,31760.5819311659 
PLINE 10130.144225825414,12658.26086021655 10130.144225825414,12881.199421226045 
PLINE 10130.144225825414,12881.199421226045 10130.144225825414,16910.58193116589 
PLINE 10130.144225825414,16910.58193116589 10130.144225825414,17070.03865404259 
PLINE 10130.144225825414,17070.03865404259 10130.144225825414,17452.889623473584 
PLINE 10130.144225825414,17452.889623473584 10130.144225825414,18860.5819311659 
PLINE 10130.144225825414,18860.5819311659 10130.144225825414,19499.207494660084 
PLINE 10130.144225825414,19499.207494660084 10130.144225825414,23250.351032482144 
PLINE 10130.144225825414,23250.351032482144 10130.144225825414,25416.19462992906 
PLINE 10130.144225825414,25416.19462992906 10130.144225825414,31654.979811349134 
PLINE 10130.144225825414,31654.979811349134 10130.144225825414,31760.5819311659 
PLINE 40902.44428188218,25310.58193116584 40902.44428188218,25422.908926847023 
PLINE 40902.44428188218,25422.908926847023 40902.44428188218,25510.58193116584 
PLINE 42402.44428188218,25310.58193116584 42402.44428188218,25422.908926847023 
PLINE 42402.44428188218,25422.908926847023 42402.44428188218,25510.58193116584 
PLINE 48450.43324956733,25310.58193116584 48450.43324956733,25422.908926847023 
PLINE 48450.43324956733,25422.908926847023 48450.43324956733,25510.58193116584 
PLINE 37800.43324956729,23160.5819311659 37800.43324956729,23250.31130376026 
PLINE 37800.43324956729,23250.31130376026 37800.43324956729,23360.5819311659 
PLINE 57600.43324956727,23160.5819311659 57600.43324956727,23192.36843703033 
PLINE 57600.43324956727,23192.36843703033 57600.43324956727,23360.5819311659 
PLINE 61650.43324956736,23160.5819311659 61650.43324956736,23192.36843703033 
PLINE 61650.43324956736,23192.36843703033 61650.43324956736,23360.5819311659 
PLINE 12050.43324956728,23160.5819311659 12050.43324956728,23250.351032482144 
PLINE 12050.43324956728,23250.351032482144 12050.43324956728,23360.5819311659 
PLINE 10850.43324956728,23160.5819311659 10850.43324956728,23250.351032482144 
PLINE 10850.43324956728,23250.351032482144 10850.43324956728,23360.5819311659 
PLINE 83175.43324956736,16910.5819311659 83175.43324956736,17016.72245971607 
PLINE 83175.43324956736,17016.72245971607 83175.43324956736,17110.5819311659 
PLINE 76575.43324956733,16910.5819311659 76575.43324956733,17016.72245971607 
PLINE 76575.43324956733,17016.72245971607 76575.43324956733,17110.5819311659 
PLINE 69975.43324956729,16910.5819311659 69975.43324956729,17016.72245971607 
PLINE 69975.43324956729,17016.72245971607 69975.43324956729,17110.5819311659 
PLINE 62475.43324956728,16910.5819311659 62475.43324956728,17016.72245971607 
PLINE 62475.43324956728,17016.72245971607 62475.43324956728,17110.5819311659 
PLINE 63375.43324956729,16910.5819311659 63375.43324956729,17016.72245971607 
PLINE 63375.43324956729,17016.72245971607 63375.43324956729,17110.5819311659 
PLINE 55875.43324956733,16910.5819311659 55875.43324956733,17016.72245971607 
PLINE 55875.43324956733,17016.72245971607 55875.43324956733,17110.5819311659 
PLINE 56775.433249567315,16910.5819311659 56775.433249567315,17016.72245971607 
PLINE 56775.433249567315,17016.72245971607 56775.433249567315,17110.5819311659 
PLINE 50175.43324956734,16910.5819311659 50175.43324956734,17016.72245971607 
PLINE 50175.43324956734,17016.72245971607 50175.43324956734,17110.5819311659 
PLINE 36075.43324956729,16910.5819311659 36075.43324956729,17016.72245971607 
PLINE 36075.43324956729,17016.72245971607 36075.43324956729,17110.5819311659 
PLINE 36975.43324956729,16910.5819311659 36975.43324956729,17016.72245971607 
PLINE 36975.43324956729,17016.72245971607 36975.43324956729,17110.5819311659 
PLINE 29475.433249567282,16910.5819311659 29475.433249567282,17016.72245971607 
PLINE 29475.433249567282,17016.72245971607 29475.433249567282,17110.5819311659 
PLINE 30375.43324956729,16910.5819311659 30375.43324956729,17016.72245971607 
PLINE 30375.43324956729,17016.72245971607 30375.43324956729,17110.5819311659 
PLINE 22875.433249567282,16910.5819311659 22875.433249567282,17016.72245971607 
PLINE 22875.433249567282,17016.72245971607 22875.433249567282,17110.5819311659 
PLINE 23775.43324956729,16910.5819311659 23775.43324956729,17016.72245971607 
PLINE 23775.43324956729,17016.72245971607 23775.43324956729,17110.5819311659 
PLINE 16275.43324956728,16910.5819311659 16275.43324956728,17016.72245971607 
PLINE 16275.43324956728,17016.72245971607 16275.43324956728,17110.5819311659 
PLINE 17175.433249567286,16910.5819311659 17175.433249567286,17016.72245971607 
PLINE 17175.433249567286,17016.72245971607 17175.433249567286,17110.5819311659 
PLINE 12375.43324956728,19399.41300709846 12375.43324956728,19499.207494660084 
PLINE 12375.43324956728,19499.207494660084 12375.43324956728,19599.41300709846 
PLINE 11175.43324956728,19399.41300709846 11175.43324956728,19499.207494660084 
PLINE 11175.43324956728,19499.207494660084 11175.43324956728,19599.41300709846 
PLINE 9050.433249567288,31560.5819311659 9050.433249567288,31654.979811349134 
PLINE 9050.433249567288,31654.979811349134 9050.433249567288,31760.5819311659 
PLINE 17100.43324956728,31560.5819311659 17100.43324956728,31654.979811349134 
PLINE 17100.43324956728,31654.979811349134 17100.43324956728,31760.5819311659 
PLINE 16350.43324956728,31560.5819311659 16350.43324956728,31654.979811349134 
PLINE 16350.43324956728,31654.979811349134 16350.43324956728,31760.5819311659 
PLINE 23700.433249567282,31560.5819311659 23700.433249567282,31654.979811349134 
PLINE 23700.433249567282,31654.979811349134 23700.433249567282,31760.5819311659 
PLINE 22950.43324956729,31560.5819311659 22950.43324956729,31654.979811349134 
PLINE 22950.43324956729,31654.979811349134 22950.43324956729,31760.5819311659 
PLINE 36529.649129955615,25335.53224898561 36529.649129955615,25422.908926847023 
PLINE 36529.649129955615,25422.908926847023 36529.649129955615,31654.979811349134 
PLINE 36529.649129955615,31654.979811349134 36529.649129955615,31760.5819311659 
PLINE 42750.43324956733,31560.5819311659 42750.43324956733,31654.979811349134 
PLINE 42750.43324956733,31654.979811349134 42750.43324956733,31760.5819311659 
PLINE 50100.4332495673,31560.5819311659 50100.4332495673,31654.979811349134 
PLINE 50100.4332495673,31654.979811349134 50100.4332495673,31760.5819311659 
PLINE 49350.43324956733,31560.5819311659 49350.43324956733,31654.979811349134 
PLINE 49350.43324956733,31654.979811349134 49350.43324956733,31760.5819311659 
PLINE 55950.4332495673,31560.5819311659 55950.4332495673,31654.979811349134 
PLINE 55950.4332495673,31654.979811349134 55950.4332495673,31760.5819311659 
PLINE 62550.43324956727,31560.5819311659 62550.43324956727,31654.979811349134 
PLINE 62550.43324956727,31654.979811349134 62550.43324956727,31760.5819311659 
PLINE 69150.43324956727,31560.5819311659 69150.43324956727,31654.979811349134 
PLINE 69150.43324956727,31654.979811349134 69150.43324956727,31760.5819311659 
PLINE 89700.43324956734,31560.5819311659 89700.43324956734,31653.782091663372 
PLINE 89700.43324956734,31653.782091663372 89700.43324956734,31760.5819311659 
PLINE 88950.43324956734,31560.5819311659 88950.43324956734,31653.782091663372 
PLINE 88950.43324956734,31653.782091663372 88950.43324956734,31760.5819311659 
PLINE 95550.43324956734,31560.5819311659 95550.43324956734,31653.782091663372 
PLINE 95550.43324956734,31653.782091663372 95550.43324956734,31760.5819311659 
PLINE 48437.7969589452,23160.5819311659 48437.7969589452,23192.36843703033 
PLINE 48437.7969589452,23192.36843703033 48437.7969589452,23360.5819311659 
PLINE 69075.43324956727,16910.5819311659 69075.43324956727,17016.72245971607 
PLINE 69075.43324956727,17016.72245971607 69075.43324956727,17110.5819311659 
PLINE 69900.4332495673,31560.5819311659 69900.4332495673,31654.979811349134 
PLINE 69900.4332495673,31654.979811349134 69900.4332495673,31760.5819311659 
PLINE 56700.433249567315,31560.5819311659 56700.433249567315,31654.979811349134 
PLINE 56700.433249567315,31654.979811349134 56700.433249567315,31760.5819311659 
PLINE 63300.43324956731,31560.5819311659 63300.43324956731,31654.979811349134 
PLINE 63300.43324956731,31654.979811349134 63300.43324956731,31760.5819311659 
PLINE 82275.43324956736,16910.5819311659 82275.43324956736,17016.72245971607 
PLINE 82275.43324956736,17016.72245971607 82275.43324956736,17110.5819311659 
PLINE 75675.43324956733,16910.5819311659 75675.43324956733,17016.72245971607 
PLINE 75675.43324956733,17016.72245971607 75675.43324956733,17110.5819311659 
PLINE 83100.43324956734,31560.5819311659 83100.43324956734,31653.782091663372 
PLINE 83100.43324956734,31653.782091663372 83100.43324956734,31760.5819311659 
PLINE 92524.0780015858,16910.58193116589 92524.0780015858,16935.42345497542 
PLINE 92524.0780015858,16935.42345497542 92524.0780015858,17016.72245971607 
PLINE 92524.0780015858,17016.72245971607 92524.0780015858,19810.58193116589 
PLINE 92524.0780015858,19810.58193116589 92524.0780015858,21635.75675634072 
PLINE 92524.0780015858,21635.75675634072 92524.0780015858,21760.5819311659 
PLINE 90000.43324956635,16910.5819311659 90000.43324956635,17016.72245971607 
PLINE 90000.43324956635,17016.72245971607 90000.43324956635,17110.5819311659 
PLINE 89232.45216735521,17016.72245971607 89232.45216735521,17110.5819311659 
PLINE 89232.45216735521,17110.5819311659 89232.45216735521,18353.32386664977 
PLINE 89232.45216735521,18353.32386664977 89232.45216735521,19060.58193116589 
PLINE 89232.45216735521,19060.58193116589 89232.45216735521,19060.58193116589 
PLINE 89239.68200551838,22558.76627551443 89239.68200551838,22558.76627551443 
PLINE 89239.68200551838,22558.76627551443 89239.68200551838,23267.518960837657 
PLINE 89239.68200551838,23267.518960837657 89239.68200551838,23360.5819311659 
PLINE 89236.50506347758,20260.5819311659 89236.50506347758,20260.5819311659 
PLINE 89236.50506347758,20260.5819311659 89236.50506347758,20760.5819311659 
PLINE 89236.50506347758,20760.5819311659 89236.50506347758,21263.77630212092 
PLINE 89236.50506347758,21263.77630212092 89236.50506347758,21263.776302120925 
PLINE 3700.433249567286,25310.5819311659 3700.433249567286,25454.88017677993 
PLINE 3700.433249567286,25454.88017677993 3700.433249567286,25510.5819311659 
PLINE 3700.433249567286,23160.5819311659 3700.433249567286,23246.557540921996 
PLINE 3700.433249567286,23246.557540921996 3700.433249567286,23360.5819311659 
PLINE 81111.14753528163,22560.5819311659 81111.14753528163,23192.36843703033 
PLINE 81111.14753528163,23192.36843703033 81111.14753528163,23267.518960837657 
PLINE 81111.14753528163,23267.518960837657 81111.14753528163,23360.5819311659 
PLINE 81939.71896385304,22360.5819311659 81939.71896385304,23160.5819311659 
PLINE 81939.71896385304,23160.5819311659 81939.71896385304,23192.36843703033 
PLINE 81939.71896385304,23192.36843703033 81939.71896385304,23267.518960837657 
PLINE 82350.43324956734,31560.5819311659 82350.43324956734,31653.782091663372 
PLINE 82350.43324956734,31653.782091663372 82350.43324956734,31760.5819311659 
PLINE 76120.49191383553,27435.58193116589 76120.49191383553,27536.97128305285 
PLINE 76120.49191383553,27536.97128305285 76120.49191383553,32735.5819311659 
PLINE 76120.49191383553,32735.5819311659 76120.49191383553,32840.017834919054 
PLINE 78626.51991854794,27432.51010377168 78626.51991854794,27536.97128305285 
PLINE 78626.51991854794,27536.97128305285 78626.51991854794,27632.50958867401 
PLINE 77516.20591791833,25312.50610937028 77516.20591791833,25415.053850777927 
PLINE 77516.20591791833,25415.053850777927 77516.20591791833,27536.97128305285 
PLINE 77516.20591791833,27536.97128305285 77516.20591791833,27635.5819311659 
PLINE 73522.32491409662,27435.58193116589 73522.32491409662,27536.97128305285 
PLINE 73522.32491409662,27536.97128305285 73522.32491409662,27635.5819311659 
PLINE 74733.85911567963,25310.5819311659 74733.85911567963,25422.908926847023 
PLINE 74733.85911567963,25422.908926847023 74733.85911567963,27536.97128305285 
PLINE 74733.85911567963,27536.97128305285 74733.85911567963,27635.5819311659 
PLINE 11400.433249567048,25310.58193116584 11400.433249567048,25416.19462992906 
PLINE 11400.433249567048,25416.19462992906 11400.433249567048,25510.58193116584 
PLINE 30300.43324956729,31560.5819311659 30300.43324956729,31654.979811349134 
PLINE 30300.43324956729,31654.979811349134 30300.43324956729,31760.5819311659 
PLINE 97091.32459642358,25426.539377974357 97091.32459642358,25510.58170981343 
PLINE 97091.32459642358,25510.58170981343 97091.32459642358,28445.97400865332 
PLINE 97091.32459642358,28445.97400865332 97091.32459642358,29340.97594356483 
PLINE 97091.32459642358,29340.97594356483 97091.32459642358,31653.782091663372 
PLINE 97091.32459642358,31653.782091663372 97091.32459642358,31760.5819311659 
PLINE 77273.73107212456,23158.85307308151 77273.73107212456,23192.36843703033 
PLINE 77273.73107212456,23192.36843703033 77273.73107212456,23358.85287133937 
PLINE 78169.47578412207,23166.9459980736 78169.47578412207,23192.36843703033 
PLINE 78169.47578412207,23192.36843703033 78169.47578412207,23358.85287180858 
PLINE 70656.54255373594,23155.04081004664 70656.54255373594,23192.36843703033 
PLINE 70656.54255373594,23192.36843703033 70656.54255373594,23355.04060830452 
PLINE 71552.28726573345,23163.13373503873 71552.28726573345,23192.36843703033 
PLINE 71552.28726573345,23192.36843703033 71552.28726573345,23355.04060877372 
PLINE 70675.82312222668,25316.99385470785 70675.82312222668,25422.908926847023 
PLINE 70675.82312222668,25422.908926847023 70675.82312222668,25516.99365296571 
PLINE 71571.56783422419,25325.08677969993 71571.56783422419,25422.908926847023 
PLINE 71571.56783422419,25422.908926847023 71571.56783422419,25516.99365343492 
PLINE 61122.02607964058,25321.71743549382 61122.02607964058,25422.908926847023 
PLINE 61122.02607964058,25422.908926847023 61122.02607964058,25513.6243092288 
PLINE 57469.70550429438,25314.43400745776 57469.70550429438,25422.908926847023 
PLINE 57469.70550429438,25422.908926847023 57469.70550429438,25514.43380571563 
PLINE 58365.45021629187,25322.52693244985 58365.45021629187,25422.908926847023 
PLINE 58365.45021629187,25422.908926847023 58365.45021629187,25514.43380618484 
PLINE 80921.7611768883,25309.03054218764 80921.7611768883,25415.053850777927 
PLINE 80921.7611768883,25415.053850777927 80921.7611768883,25500.93741592263 
PLINE 45318.91721368327,23160.58196443696 45318.91721368327,23250.31130376026 
PLINE 45318.91721368327,23250.31130376026 45318.91721368327,23360.58196443696 
PLINE 45127.948335280365,20035.5819311659 45127.948335280365,20135.5819311659 
PLINE 45127.948335280365,20135.5819311659 45127.948335280365,20235.5819311659 
PLINE 38001.32110894992,25310.58193116584 38001.32110894992,25422.908926847023 
PLINE 38001.32110894992,25422.908926847023 38001.32110894992,25510.58193116584 
PLINE 37094.73225487271,25335.53224463911 37094.73225487271,25422.908926847023 
PLINE 37094.73225487271,25422.908926847023 37094.73225487271,25510.937761575 
PLINE 29550.43324956729,31560.5819311659 29550.43324956729,31654.979811349134 
PLINE 29550.43324956729,31654.979811349134 29550.43324956729,31760.5819311659 
PLINE 43500.43324956733,31560.5819311659 43500.43324956733,31654.979811349134 
PLINE 43500.43324956733,31654.979811349134 43500.43324956733,31760.5819311659 
PLINE 3700.433249567286,25454.88017677993 3700.433249567286,25454.88017677993 
PLINE 3700.433249567286,25454.88017677993 5313.083470946161,25454.88017677993 
PLINE 5313.083470946161,25454.88017677993 6036.89941498082,25454.88017677993 
PLINE 6036.89941498082,25454.88017677993 6350.433249567286,25454.88017677993 
PLINE 10025.43324956728,25416.19462992906 10130.144225825414,25416.19462992906 
PLINE 10130.144225825414,25416.19462992906 11400.433249567048,25416.19462992906 
PLINE 11400.433249567048,25416.19462992906 13428.209966822424,25416.19462992906 
PLINE 13428.209966822424,25416.19462992906 13650.43324956728,25416.19462992906 
PLINE 5200.433249567286,16910.58193116589 5313.083470946161,16910.58193116589 
PLINE 5313.083470946161,16910.58193116589 5501.060408623312,16910.58193116589 
PLINE 5501.060408623312,16910.58193116589 5650.433249567286,16910.58193116589 
PLINE 5200.433249567286,17360.58193116589 5313.083470946161,17360.58193116589 
PLINE 5313.083470946161,17360.58193116589 5650.433249567286,17360.58193116589 
PLINE 19800.43324956729,25310.5819311659 19800.433249567293,25310.5819311659 
PLINE 19800.433249567293,25310.5819311659 20250.43324956729,25310.5819311659 
PLINE 20250.43324956729,25310.5819311659 20250.433249567293,25310.5819311659 
PLINE 19800.43324956729,25760.5819311659 19800.433249567293,25760.5819311659 
PLINE 19800.433249567293,25760.5819311659 20250.43324956729,25760.5819311659 
PLINE 20250.43324956729,25760.5819311659 20250.433249567293,25760.5819311659 
PLINE 19800.43324956729,22910.5819311659 19800.433249567293,22910.5819311659 
PLINE 19800.433249567293,22910.5819311659 20250.43324956729,22910.5819311659 
PLINE 20250.43324956729,22910.5819311659 20250.433249567293,22910.5819311659 
PLINE 19800.43324956729,23360.5819311659 19800.433249567293,23360.5819311659 
PLINE 19800.433249567293,23360.5819311659 20250.43324956729,23360.5819311659 
PLINE 20250.43324956729,23360.5819311659 20250.433249567293,23360.5819311659 
PLINE 26400.43324956728,22909.894337558246 26400.43324956728,22909.894337558246 
PLINE 26400.43324956728,22909.894337558246 26850.43324956728,22909.894337558246 
PLINE 26850.43324956728,22909.894337558246 26850.43324956728,22909.894337558246 
PLINE 26400.43324956728,23360.5819311659 26400.43324956728,23360.5819311659 
PLINE 26400.43324956728,23360.5819311659 26850.43324956728,23360.5819311659 
PLINE 26850.43324956728,23360.5819311659 26850.43324956728,23360.5819311659 
PLINE 26400.43324956728,25310.5819311659 26400.43324956728,25310.5819311659 
PLINE 26400.43324956728,25310.5819311659 26850.43324956728,25310.5819311659 
PLINE 26850.43324956728,25310.5819311659 26850.43324956728,25310.5819311659 
PLINE 26400.43324956728,25760.5819311659 26400.43324956728,25760.5819311659 
PLINE 26400.43324956728,25760.5819311659 26850.43324956728,25760.5819311659 
PLINE 26850.43324956728,25760.5819311659 26850.43324956728,25760.5819311659 
PLINE 33000.43324956729,25257.262818292304 33224.31650244066,25257.262818292304 
PLINE 33224.31650244066,25257.262818292304 33450.43324956729,25257.262818292304 
PLINE 33000.43324956729,25760.5819311659 33224.31650244066,25760.5819311659 
PLINE 33224.31650244066,25760.5819311659 33450.43324956729,25760.5819311659 
PLINE 99000.43324956734,16910.58193116589 99298.31162879155,16910.58193116589 
PLINE 99298.31162879155,16910.58193116589 99293.43306415982,16910.58193116589 
PLINE 99293.43306415982,16910.58193116589 99450.43324956734,16910.58193116589 
PLINE 99000.43324956734,17360.58193116589 99293.43306415982,17360.58193116589 
PLINE 99293.43306415982,17360.58193116589 99450.43324956734,17360.58193116589 
PLINE 92400.43324956734,25426.539377974357 92400.43324956734,25426.539377974357 
PLINE 92400.43324956734,25426.539377974357 92850.43324956734,25426.539377974357 
PLINE 92850.43324956734,25426.539377974357 97091.32459642358,25426.539377974357 
PLINE 97091.32459642358,25426.539377974357 99255.78945517886,25426.539377974357 
PLINE 99255.78945517886,25426.539377974357 99293.43306415982,25426.539377974357 
PLINE 99293.43306415982,25426.539377974357 99450.43324956734,25426.539377974357 
PLINE 77423.18553166091,25415.053850777927 77516.20591791833,25415.053850777927 
PLINE 77516.20591791833,25415.053850777927 79447.93781549553,25415.053850777927 
PLINE 79447.93781549553,25415.053850777927 80921.7611768883,25415.053850777927 
PLINE 80921.7611768883,25415.053850777927 86017.75249157046,25415.053850777927 
PLINE 86017.75249157046,25415.053850777927 86250.43324956734,25415.053850777927 
PLINE 33000.43324956729,23250.31130376026 33224.31650244066,23250.31130376026 
PLINE 33224.31650244066,23250.31130376026 37800.43324956729,23250.31130376026 
PLINE 37800.43324956729,23250.31130376026 39802.46172896569,23250.31130376026 
PLINE 39802.46172896569,23250.31130376026 45318.91721368327,23250.31130376026 
PLINE 45318.91721368327,23250.31130376026 45324.10576596141,23250.31130376026 
PLINE 36430.50759538983,25422.908926847023 36529.649129955615,25422.908926847023 
PLINE 36529.649129955615,25422.908926847023 37094.73225487271,25422.908926847023 
PLINE 37094.73225487271,25422.908926847023 38001.32110894992,25422.908926847023 
PLINE 38001.32110894992,25422.908926847023 39811.04057675793,25422.908926847023 
PLINE 39811.04057675793,25422.908926847023 40902.44428188218,25422.908926847023 
PLINE 40902.44428188218,25422.908926847023 42402.44428188218,25422.908926847023 
PLINE 42402.44428188218,25422.908926847023 46440.76171672059,25422.908926847023 
PLINE 46440.76171672059,25422.908926847023 48450.43324956733,25422.908926847023 
PLINE 48450.43324956733,25422.908926847023 52800.43324956733,25422.908926847023 
PLINE 52800.43324956733,25422.908926847023 53250.43324956733,25422.908926847023 
PLINE 53250.43324956733,25422.908926847023 57469.70550429438,25422.908926847023 
PLINE 57469.70550429438,25422.908926847023 58365.45021629187,25422.908926847023 
PLINE 58365.45021629187,25422.908926847023 59633.99268367095,25422.908926847023 
PLINE 59633.99268367095,25422.908926847023 61122.02607964058,25422.908926847023 
PLINE 61122.02607964058,25422.908926847023 66225.43324956729,25422.908926847023 
PLINE 66225.43324956729,25422.908926847023 70675.82312222668,25422.908926847023 
PLINE 70675.82312222668,25422.908926847023 71571.56783422419,25422.908926847023 
PLINE 71571.56783422419,25422.908926847023 72807.87599765894,25422.908926847023 
PLINE 72807.87599765894,25422.908926847023 74733.85911567963,25422.908926847023 
PLINE 74733.85911567963,25422.908926847023 74834.61801373452,25422.908926847023 
PLINE 46200.43324956734,23192.36843703033 46432.39266918671,23192.36843703033 
PLINE 46432.39266918671,23192.36843703033 48437.7969589452,23192.36843703033 
PLINE 48437.7969589452,23192.36843703033 52800.43324956733,23192.36843703033 
PLINE 52800.43324956733,23192.36843703033 53250.43324956733,23192.36843703033 
PLINE 53250.43324956733,23192.36843703033 57600.43324956727,23192.36843703033 
PLINE 57600.43324956727,23192.36843703033 59625.42941728026,23192.36843703033 
PLINE 59625.42941728026,23192.36843703033 61650.43324956736,23192.36843703033 
PLINE 61650.43324956736,23192.36843703033 66226.40642951113,23192.36843703033 
PLINE 66226.40642951113,23192.36843703033 70656.54255373594,23192.36843703033 
PLINE 70656.54255373594,23192.36843703033 71552.28726573345,23192.36843703033 
PLINE 71552.28726573345,23192.36843703033 72825.43324956733,23192.36843703033 
PLINE 72825.43324956733,23192.36843703033 77273.73107212456,23192.36843703033 
PLINE 77273.73107212456,23192.36843703033 78169.47578412207,23192.36843703033 
PLINE 78169.47578412207,23192.36843703033 79423.950307404,23192.36843703033 
PLINE 79423.950307404,23192.36843703033 81111.14753528163,23192.36843703033 
PLINE 81111.14753528163,23192.36843703033 81939.71896385304,23192.36843703033 
PLINE 81939.71896385304,23192.36843703033 82025.43324956734,23192.36843703033 
PLINE 79200.43324956733,31653.782091663372 79447.93781549553,31653.782091663372 
PLINE 79447.93781549553,31653.782091663372 79459.89021432128,31653.782091663372 
PLINE 79459.89021432128,31653.782091663372 82350.43324956734,31653.782091663372 
PLINE 82350.43324956734,31653.782091663372 83100.43324956734,31653.782091663372 
PLINE 83100.43324956734,31653.782091663372 86017.75249157046,31653.782091663372 
PLINE 86017.75249157046,31653.782091663372 88950.43324956734,31653.782091663372 
PLINE 88950.43324956734,31653.782091663372 89700.43324956734,31653.782091663372 
PLINE 89700.43324956734,31653.782091663372 92259.2567789791,31653.782091663372 
PLINE 92259.2567789791,31653.782091663372 92991.60972015558,31653.782091663372 
PLINE 92991.60972015558,31653.782091663372 95550.43324956734,31653.782091663372 
PLINE 95550.43324956734,31653.782091663372 97091.32459642358,31653.782091663372 
PLINE 97091.32459642358,31653.782091663372 99000.20224274167,31653.782091663372 
PLINE 99000.20224274167,31653.782091663372 99450.43324956734,31653.782091663372 
PLINE 99450.43324956734,31653.782091663372 102336.10183154084,31653.782091663372 
PLINE 102336.10183154084,31653.782091663372 105515.11056312783,31653.782091663372 
PLINE 105515.11056312783,31653.782091663372 105751.8706498149,31653.782091663372 
PLINE 5900.433249567286,31654.979811349134 6036.89941498082,31654.979811349134 
PLINE 6036.89941498082,31654.979811349134 9050.433249567288,31654.979811349134 
PLINE 9050.433249567288,31654.979811349134 10130.144225825414,31654.979811349134 
PLINE 10130.144225825414,31654.979811349134 13428.209966822424,31654.979811349134 
PLINE 13428.209966822424,31654.979811349134 16350.43324956728,31654.979811349134 
PLINE 16350.43324956728,31654.979811349134 17100.43324956728,31654.979811349134 
PLINE 17100.43324956728,31654.979811349134 19659.256778979052,31654.979811349134 
PLINE 19659.256778979052,31654.979811349134 20391.609720155528,31654.979811349134 
PLINE 20391.609720155528,31654.979811349134 22950.43324956729,31654.979811349134 
PLINE 22950.43324956729,31654.979811349134 23700.433249567282,31654.979811349134 
PLINE 23700.433249567282,31654.979811349134 26259.25677897905,31654.979811349134 
PLINE 26259.25677897905,31654.979811349134 26942.740941874974,31654.979811349134 
PLINE 26942.740941874974,31654.979811349134 29550.43324956729,31654.979811349134 
PLINE 29550.43324956729,31654.979811349134 30300.43324956729,31654.979811349134 
PLINE 30300.43324956729,31654.979811349134 33224.31650244066,31654.979811349134 
PLINE 33224.31650244066,31654.979811349134 36529.649129955615,31654.979811349134 
PLINE 36529.649129955615,31654.979811349134 39811.04057675793,31654.979811349134 
PLINE 39811.04057675793,31654.979811349134 42750.43324956733,31654.979811349134 
PLINE 42750.43324956733,31654.979811349134 43500.43324956733,31654.979811349134 
PLINE 43500.43324956733,31654.979811349134 46440.76171672059,31654.979811349134 
PLINE 46440.76171672059,31654.979811349134 49350.43324956733,31654.979811349134 
PLINE 49350.43324956733,31654.979811349134 50100.4332495673,31654.979811349134 
PLINE 50100.4332495673,31654.979811349134 52659.25677897907,31654.979811349134 
PLINE 52659.25677897907,31654.979811349134 53391.60972015556,31654.979811349134 
PLINE 53391.60972015556,31654.979811349134 55950.4332495673,31654.979811349134 
PLINE 55950.4332495673,31654.979811349134 56700.433249567315,31654.979811349134 
PLINE 56700.433249567315,31654.979811349134 59633.99268367095,31654.979811349134 
PLINE 59633.99268367095,31654.979811349134 62550.43324956727,31654.979811349134 
PLINE 62550.43324956727,31654.979811349134 63300.43324956731,31654.979811349134 
PLINE 63300.43324956731,31654.979811349134 66225.43324956729,31654.979811349134 
PLINE 66225.43324956729,31654.979811349134 69150.43324956727,31654.979811349134 
PLINE 69150.43324956727,31654.979811349134 69900.4332495673,31654.979811349134 
PLINE 69900.4332495673,31654.979811349134 72792.15110166276,31654.979811349134 
PLINE 72792.15110166276,31654.979811349134 72807.87599765894,31654.979811349134 
PLINE 72807.87599765894,31654.979811349134 73050.43324956733,31654.979811349134 
PLINE 13200.43324956728,17016.72245971607 13428.209966822424,17016.72245971607 
PLINE 13428.209966822424,17016.72245971607 16275.43324956728,17016.72245971607 
PLINE 16275.43324956728,17016.72245971607 17175.433249567286,17016.72245971607 
PLINE 17175.433249567286,17016.72245971607 19694.55089662611,17016.72245971607 
PLINE 19694.55089662611,17016.72245971607 20356.315602508468,17016.72245971607 
PLINE 20356.315602508468,17016.72245971607 22875.433249567282,17016.72245971607 
PLINE 22875.433249567282,17016.72245971607 23775.43324956729,17016.72245971607 
PLINE 23775.43324956729,17016.72245971607 26294.550896626108,17016.72245971607 
PLINE 26294.550896626108,17016.72245971607 26956.315602508457,17016.72245971607 
PLINE 26956.315602508457,17016.72245971607 29475.433249567282,17016.72245971607 
PLINE 29475.433249567282,17016.72245971607 30375.43324956729,17016.72245971607 
PLINE 30375.43324956729,17016.72245971607 33224.31650244066,17016.72245971607 
PLINE 33224.31650244066,17016.72245971607 36075.43324956729,17016.72245971607 
PLINE 36075.43324956729,17016.72245971607 36975.43324956729,17016.72245971607 
PLINE 36975.43324956729,17016.72245971607 39802.46172896569,17016.72245971607 
PLINE 39802.46172896569,17016.72245971607 46432.39266918671,17016.72245971607 
PLINE 46432.39266918671,17016.72245971607 50175.43324956734,17016.72245971607 
PLINE 50175.43324956734,17016.72245971607 52694.55089662616,17016.72245971607 
PLINE 52694.55089662616,17016.72245971607 53356.31560250851,17016.72245971607 
PLINE 53356.31560250851,17016.72245971607 55875.43324956733,17016.72245971607 
PLINE 55875.43324956733,17016.72245971607 56775.433249567315,17016.72245971607 
PLINE 56775.433249567315,17016.72245971607 59625.42941728026,17016.72245971607 
PLINE 59625.42941728026,17016.72245971607 62475.43324956728,17016.72245971607 
PLINE 62475.43324956728,17016.72245971607 63375.43324956729,17016.72245971607 
PLINE 63375.43324956729,17016.72245971607 66226.40642951113,17016.72245971607 
PLINE 66226.40642951113,17016.72245971607 69075.43324956727,17016.72245971607 
PLINE 69075.43324956727,17016.72245971607 69975.43324956729,17016.72245971607 
PLINE 69975.43324956729,17016.72245971607 72825.43324956733,17016.72245971607 
PLINE 72825.43324956733,17016.72245971607 75675.43324956733,17016.72245971607 
PLINE 75675.43324956733,17016.72245971607 76575.43324956733,17016.72245971607 
PLINE 76575.43324956733,17016.72245971607 79423.950307404,17016.72245971607 
PLINE 79423.950307404,17016.72245971607 82275.43324956736,17016.72245971607 
PLINE 82275.43324956736,17016.72245971607 83175.43324956736,17016.72245971607 
PLINE 83175.43324956736,17016.72245971607 86017.75249157046,17016.72245971607 
PLINE 86017.75249157046,17016.72245971607 89232.45216735521,17016.72245971607 
PLINE 89232.45216735521,17016.72245971607 90000.43324956635,17016.72245971607 
PLINE 90000.43324956635,17016.72245971607 92430.88158151724,17016.72245971607 
PLINE 92430.88158151724,17016.72245971607 92524.0780015858,17016.72245971607 
PLINE 92524.0780015858,17016.72245971607 92850.43324956734,17016.72245971607 
PLINE 3700.433249567286,23246.557540921996 3700.433249567286,23246.557540921996 
PLINE 3700.433249567286,23246.557540921996 5313.083470946161,23246.557540921996 
PLINE 5313.083470946161,23246.557540921996 5650.433249567286,23246.557540921996 
PLINE 9900.43324956728,23250.351032482144 10130.144225825414,23250.351032482144 
PLINE 10130.144225825414,23250.351032482144 10850.43324956728,23250.351032482144 
PLINE 10850.43324956728,23250.351032482144 12050.43324956728,23250.351032482144 
PLINE 12050.43324956728,23250.351032482144 13428.209966822424,23250.351032482144 
PLINE 13428.209966822424,23250.351032482144 13650.43324956728,23250.351032482144 
PLINE 9900.43324956728,16910.58193116589 9972.164455267266,16910.58193116589 
PLINE 9972.164455267266,16910.58193116589 10130.144225825414,16910.58193116589 
PLINE 10130.144225825414,16910.58193116589 10350.43324956728,16910.58193116589 
PLINE 9900.43324956728,17452.889623473584 10130.144225825414,17452.889623473584 
PLINE 10130.144225825414,17452.889623473584 10350.43324956728,17452.889623473584 
PLINE 10130.144225825414,19499.207494660084 10226.1849154433,19499.207494660084 
PLINE 10226.1849154433,19499.207494660084 11175.43324956728,19499.207494660084 
PLINE 11175.43324956728,19499.207494660084 12375.43324956728,19499.207494660084 
PLINE 12375.43324956728,19499.207494660084 13302.8137336265,19499.207494660084 
PLINE 13302.8137336265,19499.207494660084 13428.209966822424,19499.207494660084 
PLINE 39802.46172896569,20135.5819311659 39925.43324956735,20135.5819311659 
PLINE 39925.43324956735,20135.5819311659 45127.94833528036,20135.5819311659 
PLINE 45127.94833528036,20135.5819311659 45127.948335280365,20135.5819311659 
PLINE 92400.43324956734,21635.75675634072 92524.0780015858,21635.75675634072 
PLINE 92524.0780015858,21635.75675634072 99293.43306415982,21635.75675634072 
PLINE 99293.43306415982,21635.75675634072 99450.43324956734,21635.75675634072 
PLINE 99250.43324956734,20535.581931165896 99293.43306415982,20535.581931165896 
PLINE 99293.43306415982,20535.581931165896 99450.43324956737,20535.581931165896 
PLINE 99250.43324956734,18135.58193116589 99293.43306415982,18135.58193116589 
PLINE 99293.43306415982,18135.58193116589 99450.43324956737,18135.58193116589 
PLINE 92400.43324956737,19810.58193116589 92524.0780015858,19810.58193116589 
PLINE 92524.0780015858,19810.58193116589 92600.43324956734,19810.58193116589 
PLINE 86017.75249157046,18353.32386664977 86125.43324956734,18353.32386664977 
PLINE 86125.43324956734,18353.32386664977 89232.45216735521,18353.32386664977 
PLINE 89232.45216735521,18353.32386664977 89325.43324956734,18353.32386664977 
PLINE 86017.75249157046,20760.5819311659 86125.43324956734,20760.5819311659 
PLINE 86125.43324956734,20760.5819311659 89125.43324956734,20760.5819311659 
PLINE 89125.43324956734,20760.5819311659 89236.50506347758,20760.5819311659 
PLINE 89125.43324956734,22558.76627551443 89239.68200551838,22558.76627551443 
PLINE 89239.68200551838,22558.76627551443 89325.43324956734,22558.76627551443 
PLINE 89125.43324956734,20260.5819311659 89236.50506347758,20260.5819311659 
PLINE 89236.50506347758,20260.5819311659 89325.43324956734,20260.5819311659 
PLINE 89125.43324956734,19060.58193116589 89232.45216735521,19060.58193116589 
PLINE 89232.45216735521,19060.58193116589 89325.43324956734,19060.58193116589 
PLINE 89125.43324956734,21263.776302120925 89236.50506347758,21263.776302120925 
PLINE 89236.50506347758,21263.776302120925 89325.43324956734,21263.776302120925 
PLINE 81025.43324956734,23267.518960837657 81111.14753528163,23267.518960837657 
PLINE 81111.14753528163,23267.518960837657 81939.71896385304,23267.518960837657 
PLINE 81939.71896385304,23267.518960837657 86017.75249157046,23267.518960837657 
PLINE 86017.75249157046,23267.518960837657 89239.68200551838,23267.518960837657 
PLINE 89239.68200551838,23267.518960837657 89325.43324956734,23267.518960837657 
PLINE 74025.43324956733,32840.017834919054 74069.45849251223,32840.017834919054 
PLINE 74069.45849251223,32840.017834919054 76120.49191383553,32840.017834919054 
PLINE 76120.49191383553,32840.017834919054 78186.03546404278,32840.017834919054 
PLINE 78186.03546404278,32840.017834919054 78230.14995491871,32840.017834919054 
PLINE 72807.87599765894,27536.97128305285 72925.43324956733,27536.97128305285 
PLINE 72925.43324956733,27536.97128305285 73522.32491409662,27536.97128305285 
PLINE 73522.32491409662,27536.97128305285 74733.85911567963,27536.97128305285 
PLINE 74733.85911567963,27536.97128305285 76120.49191383553,27536.97128305285 
PLINE 76120.49191383553,27536.97128305285 77516.20591791833,27536.97128305285 
PLINE 77516.20591791833,27536.97128305285 78626.51991854794,27536.97128305285 
PLINE 78626.51991854794,27536.97128305285 79325.66020705363,27536.97128305285 
PLINE 79325.66020705363,27536.97128305285 79447.93781549553,27536.97128305285 
PLINE 96999.5083870477,29340.97594356483 97091.32459642358,29340.97594356483 
PLINE 97091.32459642358,29340.97594356483 97182.87292356773,29340.97594356483 
PLINE 96999.5083870477,28445.97400865332 97091.32459642358,28445.97400865332 
PLINE 97091.32459642358,28445.97400865332 97182.87292356773,28445.97400865332 
PLINE 84777.78009731667,23168.70248972207 85800.43324956736,23168.70248972207 
PLINE 85800.43324956736,23168.70248972207 86017.75249157046,23168.70248972207 
PLINE 10025.43324956728,18860.5819311659 10130.144225825414,18860.5819311659 
PLINE 10130.144225825414,18860.5819311659 10225.43324956728,18860.5819311659 
PLINE 5313.083470946161,17074.206314490657 5501.060408623312,16910.58193116589 
PLINE 5501.060408623312,16910.58193116589 5498.1238569967745,16913.13805030971 
PLINE 5498.1238569967745,16913.13805030971 7901.799107604017,14820.860745159061 
PLINE 7901.799107604017,14820.860745159061 10130.144225825414,12881.199421226045 
PLINE 10130.144225825414,12881.199421226045 10386.263192553837,12658.26086021655 
PLINE 92430.88158151724,17016.72245971607 92524.0780015858,16935.42345497542 
PLINE 92524.0780015858,16935.42345497542 92552.55487034305,16910.5819311659 
PLINE 92552.55487034305,16910.5819311659 95925.43324956734,13968.283770565991 
PLINE 95925.43324956734,13968.283770565991 96077.55487034308,13835.58193116589 
PLINE 8849.48625369527,15848.44979904896 8885.00570781028,15813.259340407847 
PLINE 8885.00570781028,15813.259340407847 8920.525161925294,15778.06888176673 
PLINE 7932.551128850397,15138.06071674877 8075.625159064676,14996.311895762621 
PLINE 8075.625159064676,14996.311895762621 8218.699189278916,14854.56307477651 
PLINE 102336.10183154084,31653.782091663372 102425.08482756284,31560.5819311659 
PLINE 102425.08482756284,31560.5819311659 103884.73138986711,30031.75844850103 
PLINE 103884.73138986711,30031.75844850103 103983.48391081468,29928.32575671385 
PLINE 78083.41271080659,32935.58193116588 78186.03546404278,32840.017834919054 
PLINE 78186.03546404278,32840.017834919054 79347.17049367864,31758.74865992153 
PLINE 79347.17049367864,31758.74865992153 79447.93781549553,31664.912373747444 
PLINE 79447.93781549553,31664.912373747444 79459.89021432128,31653.782091663372 
PLINE 99255.78945517886,25426.539377974357 99293.43306415982,25463.99006722658 
PLINE 99293.43306415982,25463.99006722658 99365.39371925485,25535.5819311659 
PLINE 99365.39371925485,25535.5819311659 103884.73138986711,30031.75844850103 
PLINE 103884.73138986711,30031.75844850103 105515.11056312783,31653.782091663372 
PLINE 105515.11056312783,31653.782091663372 105622.4605606242,31760.5819311659 
PLINE 95773.31162879162,13835.58193116589 95925.43324956734,13968.283770565991 
PLINE 95925.43324956734,13968.283770565991 99293.43306415982,16906.32616201906 
PLINE 99293.43306415982,16906.32616201906 99298.31162879155,16910.58193116589 
PLINE 99298.31162879155,16910.58193116589 99298.31162879156,16910.5819311659 
PLINE 7901.799107604017,14820.860745159061 7935.189272685715,14854.56307477651 
PLINE 7935.189272685715,14854.56307477651 8075.625159064676,14996.311895762621 
PLINE 8075.625159064676,14996.311895762621 8885.00570781028,15813.259340407847 
PLINE 8885.00570781028,15813.259340407847 9972.164455267266,16910.58193116589 
PLINE 9972.164455267266,16910.58193116589 9972.164455267277,16910.5819311659 
PLINE 9972.164455267277,16910.5819311659 10130.144225825414,17070.03865404259 
PLINE 72792.15110166276,31654.979811349134 72807.87599765894,31669.56878171418 
PLINE 72807.87599765894,31669.56878171418 72903.40310381906,31758.19525791898 
PLINE 72903.40310381906,31758.19525791898 74069.45849251223,32840.017834919054 
PLINE 74069.45849251223,32840.017834919054 74172.46339531544,32935.58193116588 
