PLINE 8075.625159064676,14996.311895762621 8885.00570781028,15813.259340407847 
PLINE 76575.43324956733,17016.72245971607 79423.950307404,17016.72245971607 
PLINE 89232.45216735521,17110.5819311659 89232.45216735521,18353.32386664977 
PLINE 92524.0780015858,19810.58193116589 92524.0780015858,21635.75675634072 
PLINE 46432.39266918671,23192.36843703033 48437.7969589452,23192.36843703033 
PLINE 57600.43324956727,23192.36843703033 59625.42941728026,23192.36843703033 
PLINE 59625.42941728026,23192.36843703033 61650.43324956736,23192.36843703033 
PLINE 10850.43324956728,23250.351032482144 12050.43324956728,23250.351032482144 
PLINE 37800.43324956729,23250.31130376026 39802.46172896569,23250.31130376026 
PLINE 81939.71896385304,23267.518960837657 86017.75249157046,23267.518960837657 
PLINE 33224.31650244066,23250.31130376026 33224.31650244066,25257.262818292304 
PLINE 5313.083470946161,23246.557540921996 5313.083470946161,25454.88017677993 
PLINE 10130.144225825414,23250.351032482144 10130.144225825414,25416.19462992906 
PLINE 13428.209966822424,23250.351032482144 13428.209966822424,25416.19462992906 
PLINE 86017.75249157046,23267.518960837657 86017.75249157046,25415.053850777927 
PLINE 11400.433249567048,25416.19462992906 13428.209966822424,25416.19462992906 
PLINE 37094.73225487271,25422.908926847023 38001.32110894992,25422.908926847023 
PLINE 40902.44428188218,25422.908926847023 42402.44428188218,25422.908926847023 
PLINE 46440.76171672059,25422.908926847023 48450.43324956733,25422.908926847023 
PLINE 57469.70550429438,25422.908926847023 58365.45021629187,25422.908926847023 
PLINE 59633.99268367095,25422.908926847023 61122.02607964058,25422.908926847023 
PLINE 70675.82312222668,25422.908926847023 71571.56783422419,25422.908926847023 
PLINE 70675.82312222668,25422.908926847023 71571.56783422419,25422.908926847023 
PLINE 79447.93781549553,25415.053850777927 80921.7611768883,25415.053850777927 
PLINE 73522.32491409662,27536.97128305285 74733.85911567963,27536.97128305285 
PLINE 74733.85911567963,27536.97128305285 76120.49191383553,27536.97128305285 
PLINE 76120.49191383553,27536.97128305285 77516.20591791833,27536.97128305285 
PLINE 77516.20591791833,27536.97128305285 78626.51991854794,27536.97128305285 
PLINE 86017.75249157046,25415.053850777927 86017.75249157046,31653.782091663372 
