
PLINE 81939.71896385304,23192.36843703033 81939.71896385304,23267.518960837657 81939.71896385304,23267.518960837657 86017.75249157046,23267.518960837657 86017.75249157046,23168.70248972207 86017.75249157046,20760.5819311659 86017.75249157046,20760.5819311659 86017.75249157046,18353.32386664977 86017.75249157046,18353.32386664977 86017.75249157046,17016.72245971607 86017.75249157046,17016.72245971607 83175.43324956736,17016.72245971607 
 83175.43324956736,17016.72245971607 82275.43324956736,17016.72245971607 82275.43324956736,17016.72245971607 79423.950307404,17016.72245971607 79423.950307404,17016.72245971607 79423.950307404,23192.36843703033 79423.950307404,23192.36843703033 81111.14753528163,23192.36843703033 81111.14753528163,23192.36843703033 81939.71896385304,23192.36843703033 

PLINE 52800.43324956733,25422.908926847023 53250.43324956733,25422.908926847023 53250.43324956733,25422.908926847023 57469.70550429438,25422.908926847023 57469.70550429438,25422.908926847023 58365.45021629187,25422.908926847023 58365.45021629187,25422.908926847023 59633.99268367095,25422.908926847023 59633.99268367095,25422.908926847023 59633.99268367095,31654.979811349134 59633.99268367095,31654.979811349134 56700.433249567315,31654.979811349134 
 56700.433249567315,31654.979811349134 55950.4332495673,31654.979811349134 55950.4332495673,31654.979811349134 53391.60972015556,31654.979811349134 53391.60972015556,31654.979811349134 52659.25677897907,31654.979811349134 52659.25677897907,31654.979811349134 50100.4332495673,31654.979811349134 50100.4332495673,31654.979811349134 49350.43324956733,31654.979811349134 49350.43324956733,31654.979811349134 46440.76171672059,31654.979811349134 
 46440.76171672059,31654.979811349134 46440.76171672059,25422.908926847023 46440.76171672059,25422.908926847023 48450.43324956733,25422.908926847023 48450.43324956733,25422.908926847023 52800.43324956733,25422.908926847023 

PLINE 52800.43324956733,23192.36843703033 53250.43324956733,23192.36843703033 53250.43324956733,23192.36843703033 57600.43324956727,23192.36843703033 57600.43324956727,23192.36843703033 59625.42941728026,23192.36843703033 59625.42941728026,23192.36843703033 59625.42941728026,17016.72245971607 59625.42941728026,17016.72245971607 56775.433249567315,17016.72245971607 56775.433249567315,17016.72245971607 55875.43324956733,17016.72245971607 
 55875.43324956733,17016.72245971607 53356.31560250851,17016.72245971607 53356.31560250851,17016.72245971607 52694.55089662616,17016.72245971607 52694.55089662616,17016.72245971607 50175.43324956734,17016.72245971607 50175.43324956734,17016.72245971607 46432.39266918671,17016.72245971607 46432.39266918671,17016.72245971607 46432.39266918671,23192.36843703033 46432.39266918671,23192.36843703033 48437.7969589452,23192.36843703033 
 48437.7969589452,23192.36843703033 52800.43324956733,23192.36843703033 

PLINE 89700.43324956734,31653.782091663372 92259.2567789791,31653.782091663372 92259.2567789791,31653.782091663372 92991.60972015558,31653.782091663372 92991.60972015558,31653.782091663372 95550.43324956734,31653.782091663372 95550.43324956734,31653.782091663372 97091.32459642358,31653.782091663372 97091.32459642358,31653.782091663372 97091.32459642358,29340.97594356483 97091.32459642358,29340.97594356483 97091.32459642358,28445.97400865332 
 97091.32459642358,28445.97400865332 97091.32459642358,25510.58170981343 97091.32459642358,25426.539377974357 99255.78945517886,25426.539377974357 99293.43306415982,25426.539377974357 99293.43306415982,21635.75675634072 99293.43306415982,21635.75675634072 92524.0780015858,21635.75675634072 92524.0780015858,21635.75675634072 92524.0780015858,19810.58193116589 92524.0780015858,19810.58193116589 92524.0780015858,17016.72245971607 
 92430.88158151724,17016.72245971607 90000.43324956635,17016.72245971607 90000.43324956635,17016.72245971607 89232.45216735521,17016.72245971607 89232.45216735521,17110.5819311659 89232.45216735521,18353.32386664977 89232.45216735521,18353.32386664977 86125.43324956734,18353.32386664977 86017.75249157046,18353.32386664977 86017.75249157046,20760.5819311659 86017.75249157046,20760.5819311659 86017.75249157046,23168.70248972207 
 86017.75249157046,23267.518960837657 86017.75249157046,25415.053850777927 86017.75249157046,25415.053850777927 86017.75249157046,31653.782091663372 86017.75249157046,31653.782091663372 88950.43324956734,31653.782091663372 88950.43324956734,31653.782091663372 89700.43324956734,31653.782091663372 

PLINE 10130.144225825414,31654.979811349134 13428.209966822424,31654.979811349134 13428.209966822424,31654.979811349134 13428.209966822424,25416.19462992906 13428.209966822424,25416.19462992906 11400.433249567048,25416.19462992906 11400.433249567048,25416.19462992906 10130.144225825414,25416.19462992906 10130.144225825414,25416.19462992906 10130.144225825414,31654.979811349134 

PLINE 36529.649129955615,31654.979811349134 39811.04057675793,31654.979811349134 39811.04057675793,31654.979811349134 39811.04057675793,25422.908926847023 39811.04057675793,25422.908926847023 38001.32110894992,25422.908926847023 38001.32110894992,25422.908926847023 37094.73225487271,25422.908926847023 37094.73225487271,25422.908926847023 36529.649129955615,25422.908926847023 36529.649129955615,25422.908926847023 36529.649129955615,31654.979811349134 
 

PLINE 43500.43324956733,31654.979811349134 46440.76171672059,31654.979811349134 46440.76171672059,31654.979811349134 46440.76171672059,25422.908926847023 46440.76171672059,25422.908926847023 42402.44428188218,25422.908926847023 42402.44428188218,25422.908926847023 40902.44428188218,25422.908926847023 40902.44428188218,25422.908926847023 39811.04057675793,25422.908926847023 39811.04057675793,25422.908926847023 39811.04057675793,31654.979811349134 
 39811.04057675793,31654.979811349134 42750.43324956733,31654.979811349134 42750.43324956733,31654.979811349134 43500.43324956733,31654.979811349134 

PLINE 63300.43324956731,31654.979811349134 66225.43324956729,31654.979811349134 66225.43324956729,31654.979811349134 66225.43324956729,25422.908926847023 66225.43324956729,25422.908926847023 61122.02607964058,25422.908926847023 61122.02607964058,25422.908926847023 59633.99268367095,25422.908926847023 59633.99268367095,25422.908926847023 59633.99268367095,31654.979811349134 59633.99268367095,31654.979811349134 62550.43324956727,31654.979811349134 
 62550.43324956727,31654.979811349134 63300.43324956731,31654.979811349134 

PLINE 17175.433249567286,17016.72245971607 19694.55089662611,17016.72245971607 19694.55089662611,17016.72245971607 20356.315602508468,17016.72245971607 20356.315602508468,17016.72245971607 22875.433249567282,17016.72245971607 22875.433249567282,17016.72245971607 23775.43324956729,17016.72245971607 23775.43324956729,17016.72245971607 26294.550896626108,17016.72245971607 26294.550896626108,17016.72245971607 26956.315602508457,17016.72245971607 
 26956.315602508457,17016.72245971607 29475.433249567282,17016.72245971607 29475.433249567282,17016.72245971607 30375.43324956729,17016.72245971607 30375.43324956729,17016.72245971607 33224.31650244066,17016.72245971607 33224.31650244066,17016.72245971607 33224.31650244066,23250.31130376026 33224.31650244066,23250.31130376026 33224.31650244066,25257.262818292304 33224.31650244066,25760.5819311659 33224.31650244066,31654.979811349134 
 33224.31650244066,31654.979811349134 30300.43324956729,31654.979811349134 30300.43324956729,31654.979811349134 29550.43324956729,31654.979811349134 29550.43324956729,31654.979811349134 26942.740941874974,31654.979811349134 26942.740941874974,31654.979811349134 26259.25677897905,31654.979811349134 26259.25677897905,31654.979811349134 23700.433249567282,31654.979811349134 23700.433249567282,31654.979811349134 22950.43324956729,31654.979811349134 
 22950.43324956729,31654.979811349134 20391.609720155528,31654.979811349134 20391.609720155528,31654.979811349134 19659.256778979052,31654.979811349134 19659.256778979052,31654.979811349134 17100.43324956728,31654.979811349134 17100.43324956728,31654.979811349134 16350.43324956728,31654.979811349134 16350.43324956728,31654.979811349134 13428.209966822424,31654.979811349134 13428.209966822424,31654.979811349134 13428.209966822424,25416.19462992906 
 13428.209966822424,25416.19462992906 13428.209966822424,23250.351032482144 13428.209966822424,23250.351032482144 13428.209966822424,19499.207494660084 13428.209966822424,19499.207494660084 13428.209966822424,17016.72245971607 13428.209966822424,17016.72245971607 16275.43324956728,17016.72245971607 16275.43324956728,17016.72245971607 17175.433249567286,17016.72245971607 

PLINE 36975.43324956729,17016.72245971607 39802.46172896569,17016.72245971607 39802.46172896569,17016.72245971607 39802.46172896569,20135.5819311659 39802.46172896569,20135.5819311659 39802.46172896569,23250.31130376026 39802.46172896569,23250.31130376026 37800.43324956729,23250.31130376026 37800.43324956729,23250.31130376026 33224.31650244066,23250.31130376026 33224.31650244066,23250.31130376026 33224.31650244066,17016.72245971607 
 33224.31650244066,17016.72245971607 36075.43324956729,17016.72245971607 36075.43324956729,17016.72245971607 36975.43324956729,17016.72245971607 

PLINE 63375.43324956729,17016.72245971607 66226.40642951113,17016.72245971607 66226.40642951113,17016.72245971607 66226.40642951113,23192.36843703033 66226.40642951113,23192.36843703033 61650.43324956736,23192.36843703033 61650.43324956736,23192.36843703033 59625.42941728026,23192.36843703033 59625.42941728026,23192.36843703033 59625.42941728026,17016.72245971607 59625.42941728026,17016.72245971607 62475.43324956728,17016.72245971607 
 62475.43324956728,17016.72245971607 63375.43324956729,17016.72245971607 

PLINE 69975.43324956729,17016.72245971607 72825.43324956733,17016.72245971607 72825.43324956733,17016.72245971607 72825.43324956733,23192.36843703033 72825.43324956733,23192.36843703033 71552.28726573345,23192.36843703033 71552.28726573345,23192.36843703033 70656.54255373594,23192.36843703033 70656.54255373594,23192.36843703033 66226.40642951113,23192.36843703033 66226.40642951113,23192.36843703033 66226.40642951113,17016.72245971607 
 66226.40642951113,17016.72245971607 69075.43324956727,17016.72245971607 69075.43324956727,17016.72245971607 69975.43324956729,17016.72245971607 

PLINE 76575.43324956733,17016.72245971607 79423.950307404,17016.72245971607 79423.950307404,17016.72245971607 79423.950307404,23192.36843703033 79423.950307404,23192.36843703033 78169.47578412207,23192.36843703033 78169.47578412207,23192.36843703033 77273.73107212456,23192.36843703033 77273.73107212456,23192.36843703033 72825.43324956733,23192.36843703033 72825.43324956733,23192.36843703033 72825.43324956733,17016.72245971607 
 72825.43324956733,17016.72245971607 75675.43324956733,17016.72245971607 75675.43324956733,17016.72245971607 76575.43324956733,17016.72245971607 

PLINE 12050.43324956728,23250.351032482144 13428.209966822424,23250.351032482144 13428.209966822424,23250.351032482144 13428.209966822424,25416.19462992906 13428.209966822424,25416.19462992906 11400.433249567048,25416.19462992906 11400.433249567048,25416.19462992906 10130.144225825414,25416.19462992906 10130.144225825414,25416.19462992906 10130.144225825414,23250.351032482144 10130.144225825414,23250.351032482144 10850.43324956728,23250.351032482144 
 10850.43324956728,23250.351032482144 12050.43324956728,23250.351032482144 

PLINE 13302.8137336265,19499.207494660084 13428.209966822424,19499.207494660084 13428.209966822424,19499.207494660084 13428.209966822424,23250.351032482144 13428.209966822424,23250.351032482144 12050.43324956728,23250.351032482144 12050.43324956728,23250.351032482144 10850.43324956728,23250.351032482144 10850.43324956728,23250.351032482144 10130.144225825414,23250.351032482144 10130.144225825414,23250.351032482144 10130.144225825414,19499.207494660084 
 10226.1849154433,19499.207494660084 11175.43324956728,19499.207494660084 11175.43324956728,19499.207494660084 12375.43324956728,19499.207494660084 12375.43324956728,19499.207494660084 13302.8137336265,19499.207494660084 

PLINE 86017.75249157046,18353.32386664977 86125.43324956734,18353.32386664977 86125.43324956734,18353.32386664977 89232.45216735521,18353.32386664977 89232.45216735521,18353.32386664977 89232.45216735521,17110.5819311659 89232.45216735521,17016.72245971607 86017.75249157046,17016.72245971607 86017.75249157046,17016.72245971607 86017.75249157046,18353.32386664977 

PLINE 72807.87599765894,27536.97128305285 72925.43324956733,27536.97128305285 72925.43324956733,27536.97128305285 73522.32491409662,27536.97128305285 73522.32491409662,27536.97128305285 74733.85911567963,27536.97128305285 74733.85911567963,27536.97128305285 74733.85911567963,25422.908926847023 74733.85911567963,25422.908926847023 72807.87599765894,25422.908926847023 72807.87599765894,25422.908926847023 72807.87599765894,27536.97128305285 
 

PLINE 79325.66020705363,27536.97128305285 79447.93781549553,27536.97128305285 79447.93781549553,27536.97128305285 79447.93781549553,25415.053850777927 79447.93781549553,25415.053850777927 77516.20591791833,25415.053850777927 77516.20591791833,25415.053850777927 77516.20591791833,27536.97128305285 77516.20591791833,27536.97128305285 78626.51991854794,27536.97128305285 78626.51991854794,27536.97128305285 79325.66020705363,27536.97128305285 
 

PLINE 92524.0780015858,16935.42345497542 92552.55487034305,16910.5819311659 92552.55487034305,16910.5819311659 95925.43324956734,13968.283770565991 95925.43324956734,13968.283770565991 99293.43306415982,16906.32616201906 99293.43306415982,17360.58193116589 99293.43306415982,18135.58193116589 99293.43306415982,18135.58193116589 99293.43306415982,20535.581931165896 99293.43306415982,20535.581931165896 99293.43306415982,21635.75675634072 
 99293.43306415982,21635.75675634072 99293.43306415982,25426.539377974357 99365.39371925485,25535.5819311659 103884.73138986711,30031.75844850103 103884.73138986711,30031.75844850103 102425.08482756284,31560.5819311659 102336.10183154084,31653.782091663372 99450.43324956734,31653.782091663372 99000.20224274167,31653.782091663372 97091.32459642358,31653.782091663372 97091.32459642358,31653.782091663372 95550.43324956734,31653.782091663372 
 95550.43324956734,31653.782091663372 92991.60972015558,31653.782091663372 92991.60972015558,31653.782091663372 92259.2567789791,31653.782091663372 92259.2567789791,31653.782091663372 89700.43324956734,31653.782091663372 89700.43324956734,31653.782091663372 88950.43324956734,31653.782091663372 88950.43324956734,31653.782091663372 86017.75249157046,31653.782091663372 86017.75249157046,31653.782091663372 86017.75249157046,25415.053850777927 
 86017.75249157046,25415.053850777927 86017.75249157046,23267.518960837657 86017.75249157046,23168.70248972207 86017.75249157046,20760.5819311659 86017.75249157046,20760.5819311659 86017.75249157046,18353.32386664977 86017.75249157046,18353.32386664977 86017.75249157046,17016.72245971607 86017.75249157046,17016.72245971607 89232.45216735521,17016.72245971607 89232.45216735521,17016.72245971607 90000.43324956635,17016.72245971607 
 90000.43324956635,17016.72245971607 92430.88158151724,17016.72245971607 

PLINE 102425.08482756284,31560.5819311659 103884.73138986711,30031.75844850103 103884.73138986711,30031.75844850103 105515.11056312783,31653.782091663372 105515.11056312783,31653.782091663372 102336.10183154084,31653.782091663372 102336.10183154084,31653.782091663372 102425.08482756284,31560.5819311659 

PLINE 79347.17049367864,31758.74865992153 79447.93781549553,31664.912373747444 79447.93781549553,31653.782091663372 79447.93781549553,27536.97128305285 79325.66020705363,27536.97128305285 78626.51991854794,27536.97128305285 78626.51991854794,27536.97128305285 77516.20591791833,27536.97128305285 77516.20591791833,27536.97128305285 76120.49191383553,27536.97128305285 76120.49191383553,27536.97128305285 76120.49191383553,32735.5819311659 
 76120.49191383553,32840.017834919054 78186.03546404278,32840.017834919054 78186.03546404278,32840.017834919054 79347.17049367864,31758.74865992153 

PLINE 79447.93781549553,31664.912373747444 79459.89021432128,31653.782091663372 79459.89021432128,31653.782091663372 82350.43324956734,31653.782091663372 82350.43324956734,31653.782091663372 83100.43324956734,31653.782091663372 83100.43324956734,31653.782091663372 86017.75249157046,31653.782091663372 86017.75249157046,31653.782091663372 86017.75249157046,25415.053850777927 86017.75249157046,25415.053850777927 80921.7611768883,25415.053850777927 
 80921.7611768883,25415.053850777927 79447.93781549553,25415.053850777927 79447.93781549553,25415.053850777927 79447.93781549553,27536.97128305285 79447.93781549553,27536.97128305285 79447.93781549553,31653.782091663372 

PLINE 99293.43306415982,25463.99006722658 99365.39371925485,25535.5819311659 99365.39371925485,25535.5819311659 103884.73138986711,30031.75844850103 103884.73138986711,30031.75844850103 102425.08482756284,31560.5819311659 102336.10183154084,31653.782091663372 99450.43324956734,31653.782091663372 99000.20224274167,31653.782091663372 97091.32459642358,31653.782091663372 97091.32459642358,31653.782091663372 97091.32459642358,29340.97594356483 
 97091.32459642358,29340.97594356483 97091.32459642358,28445.97400865332 97091.32459642358,28445.97400865332 97091.32459642358,25510.58170981343 97091.32459642358,25426.539377974357 99255.78945517886,25426.539377974357 

PLINE 99293.43306415982,16906.32616201906 99298.31162879155,16910.58193116589 99293.43306415982,17360.58193116589 99293.43306415982,18135.58193116589 99293.43306415982,18135.58193116589 99293.43306415982,20535.581931165896 99293.43306415982,20535.581931165896 99293.43306415982,21635.75675634072 99293.43306415982,21635.75675634072 92524.0780015858,21635.75675634072 92524.0780015858,21635.75675634072 92524.0780015858,19810.58193116589 
 92524.0780015858,19810.58193116589 92524.0780015858,17016.72245971607 92552.55487034305,16910.5819311659 95925.43324956734,13968.283770565991 95925.43324956734,13968.283770565991 99293.43306415982,16906.32616201906 

PLINE 7935.189272685715,14854.56307477651 8075.625159064676,14996.311895762621 8075.625159064676,14996.311895762621 8885.00570781028,15813.259340407847 8885.00570781028,15813.259340407847 9972.164455267266,16910.58193116589 9900.43324956728,17452.889623473584 10130.144225825414,17452.889623473584 10130.144225825414,17452.889623473584 10130.144225825414,18860.5819311659 10130.144225825414,18860.5819311659 10130.144225825414,19499.207494660084 
 10130.144225825414,19499.207494660084 10130.144225825414,23250.351032482144 10130.144225825414,23250.351032482144 10130.144225825414,25416.19462992906 10130.144225825414,25416.19462992906 10130.144225825414,31654.979811349134 10130.144225825414,31654.979811349134 9050.433249567288,31654.979811349134 9050.433249567288,31654.979811349134 6036.89941498082,31654.979811349134 6036.89941498082,31654.979811349134 6036.89941498082,25454.88017677993 
 6036.89941498082,25454.88017677993 5313.083470946161,25454.88017677993 5313.083470946161,25454.88017677993 5313.083470946161,23246.557540921996 5313.083470946161,23246.557540921996 5313.083470946161,17360.58193116589 5498.1238569967745,16913.13805030971 7901.799107604017,14820.860745159061 

PLINE 9972.164455267266,16910.58193116589 9972.164455267277,16910.5819311659 10130.144225825414,16910.58193116589 10130.144225825414,12881.199421226045 10130.144225825414,12881.199421226045 7901.799107604017,14820.860745159061 8075.625159064676,14996.311895762621 8885.00570781028,15813.259340407847 8885.00570781028,15813.259340407847 9972.164455267266,16910.58193116589 

PLINE 72792.15110166276,31654.979811349134 72807.87599765894,31669.56878171418 72807.87599765894,31654.979811349134 72807.87599765894,27536.97128305285 72807.87599765894,27536.97128305285 72807.87599765894,25422.908926847023 72807.87599765894,25422.908926847023 71571.56783422419,25422.908926847023 71571.56783422419,25422.908926847023 70675.82312222668,25422.908926847023 70675.82312222668,25422.908926847023 66225.43324956729,25422.908926847023 
 66225.43324956729,25422.908926847023 66225.43324956729,31654.979811349134 66225.43324956729,31654.979811349134 69150.43324956727,31654.979811349134 69150.43324956727,31654.979811349134 69900.4332495673,31654.979811349134 69900.4332495673,31654.979811349134 72792.15110166276,31654.979811349134 

PLINE 72807.87599765894,31669.56878171418 72903.40310381906,31758.19525791898 72903.40310381906,31758.19525791898 74069.45849251223,32840.017834919054 74069.45849251223,32840.017834919054 76120.49191383553,32840.017834919054 76120.49191383553,32735.5819311659 76120.49191383553,27536.97128305285 76120.49191383553,27536.97128305285 74733.85911567963,27536.97128305285 74733.85911567963,27536.97128305285 73522.32491409662,27536.97128305285 
 73522.32491409662,27536.97128305285 72925.43324956733,27536.97128305285 72807.87599765894,27536.97128305285 72807.87599765894,31654.979811349134 
