1 26575.19273287512,11433.085248144534,0,door

2 46825.19273287511,17383.08524814454,0,door

3 13075.193551817249,20133.08524814454,0,door

4 19825.192732875115,20133.08524814454,0,door

5 33325.19273287512,20133.085248144544,0,door

6 40075.19273287512,20133.085248144544,0,door

7 13075.19355181725,23333.085248144536,0,door

8 19825.192732875115,23333.085248144536,0,door

9 33325.1927328751,23333.085248144547,0,door

10 40075.19273287509,23333.085248144547,0,door

11 44575.192732875104,23333.085248144547,0,door

