
PLINE 100531.02007190132,37909.90371688542 100531.02007190132,37917.176507445845 100531.02007190132,37917.176507445845 100523.18100771084,37909.90371688542 100523.18100771084,37909.90371688542 97256.20804182607,37909.90371688542 97256.20804182607,37909.90371688542 97256.20804182607,31765.26915167018 97256.20804182607,31677.139813951908 98831.20804182609,31677.139813951908 98831.20804182609,31677.139813951908 100531.02007190132,31677.139813951908 
 100531.02007190132,31677.139813951908 100531.02007190132,33791.658503557184 100531.02007190132,33791.658503557184 100531.02007190132,37909.90371688542 

PLINE 107177.7375752935,37909.00518191132 107177.7375752935,37920.50756147149 107177.7375752935,37920.50756147149 107190.08955585516,37909.00518191132 107190.08955585516,37909.00518191132 110456.2080418261,37909.00518191132 110456.2080418261,37909.00518191132 110456.2080418261,31765.26915167018 110456.2080418261,31672.2964262094 108881.2080418261,31672.2964262094 108881.2080418261,31672.2964262094 107177.7375752935,31672.2964262094 
 107177.7375752935,31672.2964262094 107177.7375752935,33791.658503557184 107177.7375752935,33791.658503557184 107177.7375752935,37909.00518191132 

PLINE 103856.20804182612,29415.26915167023 103856.20804182612,29437.705167136974 103856.20804182612,29437.705167136974 102281.20804182609,29437.705167136974 102281.20804182609,29437.705167136974 100556.20804182615,29437.705167136974 100556.20804182615,29437.705167136974 100556.20804182615,23270.87270507043 100556.20804182615,23270.87270507043 103856.20804182612,23270.87270507043 103856.20804182612,23270.87270507043 103856.20804182612,29415.26915167023 
 

PLINE 103856.20804182612,29415.26915167023 103856.20804182612,29437.705167136974 103856.20804182612,29437.705167136974 105431.20804182609,29437.705167136974 105431.20804182609,29437.705167136974 107147.07508970318,29437.705167136974 107147.07508970318,29437.705167136974 107147.07508970318,23270.87270507043 107147.07508970318,23270.87270507043 103856.20804182612,23270.87270507043 103856.20804182612,23270.87270507043 103856.20804182612,29415.26915167023 
 

PLINE 97256.20804182607,31677.139813951908 97256.20804182607,31765.26915167018 97256.20804182607,31765.26915167018 97256.20804182607,37909.90371688542 97256.20804182607,37909.90371688542 93963.76251764785,37909.90371688542 93963.76251764785,37909.90371688542 93963.76251764785,31677.139813951908 93963.76251764785,31677.139813951908 95681.20804182607,31677.139813951908 95681.20804182607,31677.139813951908 97256.20804182607,31677.139813951908 
 

PLINE 110456.2080418261,31672.2964262094 110456.2080418261,31765.26915167018 110456.2080418261,31765.26915167018 110456.2080418261,37909.00518191132 110456.2080418261,37909.00518191132 113741.44946388333,37909.00518191132 113741.44946388333,37909.00518191132 113741.44946388333,31672.2964262094 113741.44946388333,31672.2964262094 112031.2080418261,31672.2964262094 112031.2080418261,31672.2964262094 110456.2080418261,31672.2964262094 
 

PLINE 109670.49375611181,29437.705167136974 109670.49375611181,29516.75963275144 109670.49375611181,29516.75963275144 110456.2080418261,29516.75963275144 110456.2080418261,29415.26915167024 110456.2080418261,28615.26915167023 110456.2080418261,28615.26915167023 110456.2080418261,27415.26915167023 110456.2080418261,27415.26915167023 110456.2080418261,23270.87270507043 110456.2080418261,23270.87270507043 107147.07508970318,23270.87270507043 
 107147.07508970318,23270.87270507043 107147.07508970318,29437.705167136974 107147.07508970318,29437.705167136974 108841.9223275404,29437.705167136974 108841.9223275404,29437.705167136974 109670.49375611181,29437.705167136974 

PLINE 47531.20804182609,31677.139813951908 47981.20804182609,31677.139813951908 47981.20804182609,31677.139813951908 52331.20804182608,31677.139813951908 52331.20804182608,31677.139813951908 54347.08395423483,31677.139813951908 54347.08395423483,31677.139813951908 54347.08395423483,34815.26915167023 54347.08395423483,34815.26915167023 54347.08395423483,37909.90371688542 54347.08395423483,37909.90371688542 51431.20804182609,37909.90371688542 
 51431.20804182609,37909.90371688542 50681.208041826074,37909.90371688542 50681.208041826074,37909.90371688542 48122.38451241432,37909.90371688542 48122.38451241432,37909.90371688542 47390.03157123785,37909.90371688542 47390.03157123785,37909.90371688542 44831.208041826074,37909.90371688542 44831.208041826074,37909.90371688542 44081.208041826074,37909.90371688542 44081.208041826074,37909.90371688542 41156.208041826074,37909.90371688542 
 41156.208041826074,37909.90371688542 41156.208041826074,31677.139813951908 41156.208041826074,31677.139813951908 43181.20804182608,31677.139813951908 43181.20804182608,31677.139813951908 47531.20804182609,31677.139813951908 

PLINE 80531.20804182609,31677.139813951908 80981.20804182609,31677.139813951908 80981.20804182609,31677.139813951908 82156.20804182607,31677.139813951908 82156.20804182607,31677.139813951908 84050.10117159707,31677.139813951908 84050.10117159707,31677.139813951908 84050.10117159707,37909.90371688542 84050.10117159707,37909.90371688542 81122.38451241431,37909.90371688542 81122.38451241431,37909.90371688542 80390.03157123785,37909.90371688542 
 80390.03157123785,37909.90371688542 77831.20804182607,37909.90371688542 77831.20804182607,37909.90371688542 77081.20804182609,37909.90371688542 77081.20804182609,37909.90371688542 74165.41555469185,37909.90371688542 74165.41555469185,37909.90371688542 74165.41555469185,34815.26915167023 74165.41555469185,34815.26915167023 74165.41555469185,31677.139813951908 74165.41555469185,31677.139813951908 76181.20804182609,31677.139813951908 
 76181.20804182609,31677.139813951908 80531.20804182609,31677.139813951908 

PLINE 80531.20804182609,29437.705167136974 80981.20804182609,29437.705167136974 80981.20804182609,29437.705167136974 85331.20804182606,29437.705167136974 85331.20804182606,29437.705167136974 87356.20420953906,29437.705167136974 87356.20420953906,29437.705167136974 87356.20420953906,23270.87270507043 87356.20420953906,23270.87270507043 84506.20804182607,23270.87270507043 84506.20804182607,23270.87270507043 83606.20804182609,23270.87270507043 
 83606.20804182609,23270.87270507043 81087.09039476726,23270.87270507043 81087.09039476726,23270.87270507043 80425.32568888493,23270.87270507043 80425.32568888493,23270.87270507043 77474.81269298887,23270.87270507043 77474.81269298887,23511.244461550552 77474.81269298887,26390.26915167024 77474.81269298887,26390.26915167024 77474.81269298887,29437.705167136974 77474.81269298887,29437.705167136974 79356.20804182609,29437.705167136974 
 79356.20804182609,29437.705167136974 80531.20804182609,29437.705167136974 

PLINE 93731.20804182607,29437.705167136974 94181.20804182607,29437.705167136974 94181.20804182607,29437.705167136974 95356.20804182609,29437.705167136974 95356.20804182609,29437.705167136974 97250.10117159705,29437.705167136974 97250.10117159705,29437.705167136974 97250.10117159705,23270.87270507043 97250.10117159705,23270.87270507043 94287.09039476726,23270.87270507043 94287.09039476726,23270.87270507043 93625.3256888849,23270.87270507043 
 93625.3256888849,23270.87270507043 91106.20804182607,23270.87270507043 91106.20804182607,23270.87270507043 90206.20804182607,23270.87270507043 90206.20804182607,23270.87270507043 87356.20420953906,23270.87270507043 87356.20420953906,23270.87270507043 87356.20420953906,29437.705167136974 87356.20420953906,29437.705167136974 89381.20804182609,29437.705167136974 89381.20804182609,29437.705167136974 93731.20804182607,29437.705167136974 
 

PLINE 36781.20804182609,37909.90371688542 37861.07543102559,37909.90371688542 37861.07543102559,37909.90371688542 37861.07543102559,33490.26915167023 37861.07543102559,33490.26915167023 37861.07543102559,32290.26915167023 37861.07543102559,32290.26915167023 37861.07543102559,31677.139813951908 37861.07543102559,31677.139813951908 33767.67420723962,31677.139813951908 33767.67420723962,31677.139813951908 33767.67420723962,37909.90371688542 
 33767.67420723962,37909.90371688542 36781.20804182609,37909.90371688542 

PLINE 37861.07543102559,37909.90371688542 41156.208041826074,37909.90371688542 41156.208041826074,37909.90371688542 41156.208041826074,31677.139813951908 41156.208041826074,31677.139813951908 39131.20804182583,31677.139813951908 39131.20804182583,31677.139813951908 37861.07543102559,31677.139813951908 37861.07543102559,31677.139813951908 37861.07543102559,32290.26915167023 37861.07543102559,32290.26915167023 37861.07543102559,33490.26915167023 
 37861.07543102559,33490.26915167023 37861.07543102559,37909.90371688542 

PLINE 67204.06076503787,37909.90371688542 67922.38451241431,37909.90371688542 67922.38451241431,37909.90371688542 70481.20804182609,37909.90371688542 70481.20804182609,37909.90371688542 71164.80179182609,37909.90371688542 71164.80179182609,37909.90371688542 74165.41555469185,37909.90371688542 74165.41555469185,37909.90371688542 74165.41555469185,34815.26915167023 74165.41555469185,34815.26915167023 74165.41555469185,31677.139813951908 
 74165.41555469185,31677.139813951908 72131.20804182609,31677.139813951908 72131.20804182609,31677.139813951908 67781.20804182607,31677.139813951908 67331.20804182607,31677.139813951908 61181.20804182608,31677.139813951908 60731.20804182608,31677.139813951908 56381.20804182609,31677.139813951908 56381.20804182609,31677.139813951908 54347.08395423483,31677.139813951908 54347.08395423483,31677.139813951908 54347.08395423483,34815.26915167023 
 54347.08395423483,34815.26915167023 54347.08395423483,37909.90371688542 54347.08395423483,37909.90371688542 57350.7967385341,37909.90371688542 57350.7967385341,37909.90371688542 58031.20804182609,37909.90371688542 58031.20804182609,37909.90371688542 60590.03157123785,37909.90371688542 60590.03157123785,37909.90371688542 61322.38451241431,37909.90371688542 61322.38451241431,37909.90371688542 64261.87914091391,37909.90371688542 
 64261.87914091391,37909.90371688542 67204.06076503787,37909.90371688542 

PLINE 84050.10117159707,37909.90371688542 87356.20804182609,37909.90371688542 87356.20804182609,37909.90371688542 87356.20804182609,31677.139813951908 87356.20804182609,31677.139813951908 85631.20804182609,31677.139813951908 85631.20804182609,31677.139813951908 84050.10117159707,31677.139813951908 84050.10117159707,31677.139813951908 84050.10117159707,37909.90371688542 

PLINE 87356.20804182609,37909.90371688542 90656.20804182607,37909.90371688542 90656.20804182607,37909.90371688542 90656.20804182607,33265.26915167018 90656.20804182607,33265.26915167018 90656.20804182607,31677.139813951908 90656.20804182607,31677.139813951908 89081.20804182606,31677.139813951908 89081.20804182606,31677.139813951908 87356.20804182609,31677.139813951908 87356.20804182609,31677.139813951908 87356.20804182609,37909.90371688542 
 

PLINE 90656.20804182607,37909.90371688542 93963.76251764785,37909.90371688542 93963.76251764785,37909.90371688542 93963.76251764785,31677.139813951908 93963.76251764785,31677.139813951908 90656.20804182607,31677.139813951908 90656.20804182607,31677.139813951908 90656.20804182607,33265.26915167018 90656.20804182607,33265.26915167018 90656.20804182607,37909.90371688542 

PLINE 81087.09039476726,23270.87270507043 83606.20804182609,23270.87270507043 83606.20804182609,23270.87270507043 84506.20804182607,23270.87270507043 84506.20804182607,23270.87270507043 87356.20420953906,23270.87270507043 87356.20420953906,23270.87270507043 87356.20420953906,29437.705167136974 87356.20420953906,29437.705167136974 85331.20804182606,29437.705167136974 85331.20804182606,29437.705167136974 80981.20804182609,29437.705167136974 
 80531.20804182609,29437.705167136974 79356.20804182609,29437.705167136974 79356.20804182609,29437.705167136974 77474.81269298887,29437.705167136974 77474.81269298887,29437.705167136974 77474.81269298887,26390.26915167024 77356.20804182609,26390.26915167024 67656.20804182609,26390.26915167024 67533.23652122443,26390.26915167024 67533.23652122443,23437.36420765148 67581.20804182609,23165.26915167024 68964.7459384623,21665.268313973465 
 69148.22107808288,21665.268313973465 75974.96071653007,21665.268313973465 76139.53834267701,21665.268313973465 77389.54110052405,23165.26915167024 77474.81269298887,23270.87270507043 80425.32568888493,23270.87270507043 80425.32568888493,23270.87270507043 81087.09039476726,23270.87270507043 

PLINE 97250.10117159705,23270.87270507043 100556.20804182615,23270.87270507043 100556.20804182615,23270.87270507043 100556.20804182615,29437.705167136974 100556.20804182615,29437.705167136974 98831.2080418261,29437.705167136974 98831.2080418261,29437.705167136974 97250.10117159705,29437.705167136974 97250.10117159705,29437.705167136974 97250.10117159705,23270.87270507043 

PLINE 110456.2080418261,23270.87270507043 113741.44946388333,23270.87270507043 113741.44946388333,23270.87270507043 113741.44946388333,24608.011087154104 113741.44946388333,24608.011087154104 113741.44946388333,27015.26915167023 113741.44946388333,27015.26915167023 113741.44946388333,29516.75963275144 113741.44946388333,29516.75963275144 112031.2080418261,29516.75963275144 112031.2080418261,29516.75963275144 110456.2080418261,29516.75963275144 
 110456.2080418261,29415.26915167024 110456.2080418261,28615.26915167023 110456.2080418261,28615.26915167023 110456.2080418261,27415.26915167023 110456.2080418261,27415.26915167023 110456.2080418261,23270.87270507043 

PLINE 117731.2080418251,23270.87270507043 120162.27193065523,23270.87270507043 120254.85279384455,23270.87270507043 120254.85279384455,26065.26915167023 120254.85279384455,26065.26915167023 120254.85279384455,27890.443976845057 120254.85279384455,27890.443976845057 127066.20804182607,27890.443976845057 127066.20804182607,27890.443976845057 127066.20804182607,31695.83027551961 126681.54074721495,31695.83027551961 120356.20804182612,31695.83027551961 
 120356.20804182612,31695.83027551961 120356.20804182612,33960.60989121148 120356.20804182612,33960.60989121148 120356.20804182612,37909.00518191132 120356.20804182612,37909.00518191132 117431.20804182609,37909.00518191132 117431.20804182609,37909.00518191132 116681.20804182609,37909.00518191132 116681.20804182609,37909.00518191132 113741.44946388333,37909.00518191132 113741.44946388333,37909.00518191132 113741.44946388333,31672.2964262094 
 113741.44946388333,31672.2964262094 113741.44946388333,29516.75963275144 113741.44946388333,29516.75963275144 113741.44946388333,27015.26915167023 113741.44946388333,27015.26915167023 113741.44946388333,24608.011087154104 113856.2080418261,24608.011087154104 116963.22695961397,24608.011087154104 116963.22695961397,24608.011087154104 116963.22695961397,23365.26915167024 116963.22695961397,23270.87270507043 117731.2080418251,23270.87270507043 
 

PLINE 47531.20804182609,29502.48863703124 47981.20804182609,29502.48863703124 47981.20804182609,29502.48863703124 52331.208041826074,29502.48863703124 52331.208041826074,29502.48863703124 54356.208041826074,29502.48863703124 54356.208041826074,29502.48863703124 54356.208041826074,23272.148363568114 54356.208041826074,23272.148363568114 51506.20804182609,23272.148363568114 51506.20804182609,23272.148363568114 50606.20804182609,23272.148363568114 
 50606.20804182609,23272.148363568114 48087.09039476726,23272.148363568114 48087.09039476726,23272.148363568114 47425.325688884914,23272.148363568114 47425.325688884914,23272.148363568114 44906.20804182609,23272.148363568114 44906.20804182609,23272.148363568114 44006.20804182609,23272.148363568114 44006.20804182609,23272.148363568114 41181.28638670283,23272.148363568114 41181.28638670283,23272.148363568114 41181.28638670283,25753.894715164424 
 41181.28638670283,25753.894715164424 41181.28638670283,29502.48863703124 41181.28638670283,29502.48863703124 43181.208041826074,29502.48863703124 43181.208041826074,29502.48863703124 47531.20804182609,29502.48863703124 

PLINE 60731.20804182608,29502.48863703124 61181.20804182608,29502.48863703124 61181.20804182608,29502.48863703124 65531.20804182609,29502.48863703124 65531.20804182609,29502.48863703124 67533.23652122443,29502.48863703124 67533.23652122443,29502.48863703124 67533.23652122443,26390.26915167024 67533.23652122443,26390.26915167024 67533.23652122443,23437.36420765148 67482.62713686448,23272.148363568114 64706.208041826074,23272.148363568114 
 64706.208041826074,23272.148363568114 63806.20804182609,23272.148363568114 63806.20804182609,23272.148363568114 60956.20804182608,23272.148363568114 60956.20804182608,23272.148363568114 58106.20804182608,23272.148363568114 58106.20804182608,23272.148363568114 57206.20804182608,23272.148363568114 57206.20804182608,23272.148363568114 54356.208041826074,23272.148363568114 54356.208041826074,23272.148363568114 54356.208041826074,29502.48863703124 
 54356.208041826074,29502.48863703124 56381.20804182609,29502.48863703124 56381.20804182609,29502.48863703124 60731.20804182608,29502.48863703124 

PLINE 65531.20804182609,29502.48863703124 67533.23652122443,29502.48863703124 67533.23652122443,29502.48863703124 67533.23652122443,26390.26915167024 67656.20804182609,26390.26915167024 77356.20804182609,26390.26915167024 77474.81269298887,26390.26915167024 77474.81269298887,23511.244461550552 77389.54110052405,23165.26915167024 76139.53834267701,21665.268313973465 75974.96071653007,21665.268313973465 69148.22107808288,21665.268313973465 
 68964.7459384623,21665.268313973465 67581.20804182609,23165.26915167024 67482.62713686448,23272.148363568114 64706.208041826074,23272.148363568114 64706.208041826074,23272.148363568114 63806.20804182609,23272.148363568114 63806.20804182609,23272.148363568114 60956.20804182608,23272.148363568114 60956.20804182608,23272.148363568114 58106.20804182608,23272.148363568114 58106.20804182608,23272.148363568114 57206.20804182608,23272.148363568114 
 57206.20804182608,23272.148363568114 54356.208041826074,23272.148363568114 54356.208041826074,23272.148363568114 54356.208041826074,29502.48863703124 54356.208041826074,29502.48863703124 56381.20804182609,29502.48863703124 56381.20804182609,29502.48863703124 60731.20804182608,29502.48863703124 61181.20804182608,29502.48863703124 65531.20804182609,29502.48863703124 

PLINE 41033.58852588532,25753.894715164424 41181.28638670283,25753.894715164424 41181.28638670283,25753.894715164424 41181.28638670283,29502.48863703124 41181.28638670283,29502.48863703124 39781.20804182609,29502.48863703124 39781.20804182609,29502.48863703124 38581.20804182609,29502.48863703124 38581.20804182609,29502.48863703124 37861.07543102559,29502.48863703124 37861.07543102559,29502.48863703124 37861.07543102559,25753.894715164424 
 37956.9597077021,25753.894715164424 38906.20804182609,25753.894715164424 38906.20804182609,25753.894715164424 40106.208041826074,25753.894715164424 40106.208041826074,25753.894715164424 41033.58852588532,25753.894715164424 

PLINE 113741.44946388333,24608.011087154104 113856.2080418261,24608.011087154104 113856.2080418261,24608.011087154104 116963.22695961397,24608.011087154104 116963.22695961397,24608.011087154104 116963.22695961397,23365.26915167024 116963.22695961397,23270.87270507043 113741.44946388333,23270.87270507043 113741.44946388333,23270.87270507043 113741.44946388333,24608.011087154104 

PLINE 100531.02007190132,33791.658503557184 100656.2080418261,33791.658503557184 100656.2080418261,33791.658503557184 101253.0997063554,33791.658503557184 101253.0997063554,33791.658503557184 102464.6339079384,33791.658503557184 102464.6339079384,33791.658503557184 102464.6339079384,31677.139813951908 102464.6339079384,31677.139813951908 100531.02007190132,31677.139813951908 100531.02007190132,31677.139813951908 100531.02007190132,33791.658503557184 
 

PLINE 107056.4349993124,33791.658503557184 107177.7375752935,33791.658503557184 107177.7375752935,33791.658503557184 107177.7375752935,31672.2964262094 107177.7375752935,31672.2964262094 105246.98071017709,31672.2964262094 105246.98071017709,31672.2964262094 105246.98071017709,33791.658503557184 105246.98071017709,33791.658503557184 106357.2947108067,33791.658503557184 106357.2947108067,33791.658503557184 107056.4349993124,33791.658503557184 
 

PLINE 69057.08970526939,21765.26526494256 69148.22107808288,21665.268313973465 69056.20804182609,21665.268313973465 68964.7459384623,21665.268313973465 68964.7459384623,21665.268313973465 67581.20804182609,23165.26915167024 67683.80457890959,23272.148363568114 67781.20804182607,23272.148363568114 67781.20804182606,23165.26915167024 69057.08970526939,21765.26526494256 

PLINE 130066.36500134053,37909.00518191132 130155.85961982128,37815.26915167023 130155.85961982128,37815.26915167023 130712.98609881072,37231.738819129474 130712.98609881072,37231.738819129474 131505.56855396673,36401.593562953465 131505.56855396673,36401.593562953465 133050.86420993228,37909.00518191132 133050.86420993228,37909.00518191132 130066.36500134053,37909.00518191132 

PLINE 107077.94528593747,38013.43588042588 107177.7375752935,37920.50756147149 107177.7375752935,37909.00518191132 107177.7375752935,33791.658503557184 107056.4349993124,33791.658503557184 106357.2947108067,33791.658503557184 106357.2947108067,33791.658503557184 105246.98071017709,33791.658503557184 105246.98071017709,33791.658503557184 103851.2667060943,33791.658503557184 103851.2667060943,33791.658503557184 103851.2667060943,38990.26915167024 
 103851.2667060943,39094.7050554234 105916.8102563015,39094.7050554234 105916.8102563015,39094.7050554234 107077.94528593747,38013.43588042588 

PLINE 76056.20804182609,21565.2721177273 76139.53834267701,21665.268313973465 76139.53834267701,21665.268313973465 77389.54110052405,23165.26915167024 77474.81269298887,23511.244461550552 77474.81269298887,26390.26915167024 77356.20804182609,26390.26915167024 67656.20804182609,26390.26915167024 67533.23652122443,26390.26915167024 67533.23652122443,23437.36420765148 67781.20804182606,23165.26915167024 69057.08970526939,21765.26526494256 
 69148.22107808288,21665.268313973465 75974.96071653007,21665.268313973465 

PLINE 77389.54110052405,23165.26915167024 77474.81269298887,23267.59489401443 77474.81269298887,23267.59489401443 77474.81269298887,23165.26915167023 77389.54110052405,23165.26915167024 76139.53834267701,21665.268313973465 76056.20804182609,21765.26526494256 77279.5111152763,23270.87270507043 

PLINE 126718.48614279088,31731.8699280891 127066.20804182607,32071.06717409719 127066.20804182607,32071.06717409719 131505.56855396673,36401.593562953465 131505.56855396673,36401.593562953465 130712.98609881072,37231.738819129474 130712.98609881072,37231.738819129474 130155.85961982128,37815.26915167023 130066.36500134053,37909.00518191132 127181.2080418261,37909.00518191132 127181.2080418261,37909.00518191132 126616.49331486414,37909.00518191132 
 126616.49331486414,37909.00518191132 124030.4572696427,37909.00518191132 124030.4572696427,37909.00518191132 123281.20804182609,37909.00518191132 123281.20804182609,37909.00518191132 120356.20804182612,37909.00518191132 120356.20804182612,37909.00518191132 120356.20804182612,33960.60989121148 120356.20804182612,33960.60989121148 120356.20804182612,31695.83027551961 120356.20804182612,31695.83027551961 126681.54074721495,31695.83027551961 
 

PLINE 127029.08642105029,23165.26915167023 127029.0864210503,23165.26915167024 127066.20804182607,23615.26915167023 127066.20804182607,24390.26915167023 127066.20804182607,24390.26915167023 127066.20804182607,26790.26915167023 127066.20804182607,26790.26915167023 127066.20804182607,27890.443976845057 127066.20804182607,27890.443976845057 120254.85279384455,27890.443976845057 120254.85279384455,27890.443976845057 120254.85279384455,26065.26915167023 
 120254.85279384455,26065.26915167023 120254.85279384455,23270.87270507043 120283.32966260178,23165.26915167024 123656.2080418261,20222.970991070353 123656.2080418261,20222.970991070353 127029.08642105029,23165.26915167023 

PLINE 35665.96406494451,21109.25029528084 35806.39995132349,21250.999116266976 35806.39995132349,21250.999116266976 36615.78050006907,22067.94656091216 36615.78050006907,22067.94656091216 37702.939247526054,23165.26915167023 37702.93924752607,23165.26915167024 37861.07543102559,23324.883749792352 37861.07543102559,23707.57684397792 37861.07543102559,25115.26915167023 37861.07543102559,25115.26915167023 37861.07543102559,25753.894715164424 
 37861.07543102559,25753.894715164424 37861.07543102559,29502.48863703124 37861.07543102559,29502.48863703124 37861.07543102559,31677.139813951908 37861.07543102559,31677.139813951908 33767.67420723962,31677.139813951908 33767.67420723962,31677.139813951908 33043.85826320496,31677.139813951908 33043.85826320496,31677.139813951908 33043.85826320496,29501.244761426336 33043.85826320496,29501.244761426336 33043.85826320496,23615.26915167023 
 33228.89864925557,23167.82527081404 35632.573899862815,21075.547965663398 

PLINE 37702.939247526054,23165.26915167023 37702.93924752607,23165.26915167024 37861.07543102559,23165.26915167023 37861.07543102559,19135.75049220379 37861.07543102559,19135.75049220379 35632.573899862815,21075.547965663398 35806.39995132349,21250.999116266976 36615.78050006907,22067.94656091216 36615.78050006907,22067.94656091216 37702.939247526054,23165.26915167023 

PLINE 100531.02007190132,37917.176507445845 100634.17789607788,38012.88247842332 100634.17789607788,38012.88247842332 101800.23328477103,39094.7050554234 101800.23328477103,39094.7050554234 103851.2667060943,39094.7050554234 103851.2667060943,38990.26915167024 103851.2667060943,33791.658503557184 103851.2667060943,33791.658503557184 102464.6339079384,33791.658503557184 102464.6339079384,33791.658503557184 101253.0997063554,33791.658503557184 
 101253.0997063554,33791.658503557184 100656.2080418261,33791.658503557184 100531.02007190132,33791.658503557184 100531.02007190132,37909.90371688542 
