PLINE 35806.39995132349,21250.999116266976 36615.78050006907,22067.94656091216 
PLINE 97250.10117159705,23270.87270507043 100556.20804182615,23270.87270507043 
PLINE 116963.22695961397,23365.26915167024 116963.22695961397,24608.011087154104 
PLINE 120254.85279384455,26065.26915167023 120254.85279384455,27890.443976845057 
PLINE 110456.2080418261,27415.26915167023 110456.2080418261,28615.26915167023 
PLINE 77474.81269298887,29437.705167136974 79356.20804182609,29437.705167136974 
PLINE 85331.20804182606,29437.705167136974 87356.20420953906,29437.705167136974 
PLINE 85331.20804182606,29437.705167136974 87356.20420953906,29437.705167136974 
PLINE 87356.20420953906,29437.705167136974 89381.20804182609,29437.705167136974 
PLINE 87356.20420953906,29437.705167136974 89381.20804182609,29437.705167136974 
PLINE 95356.20804182609,29437.705167136974 97250.10117159705,29437.705167136974 
PLINE 105431.20804182609,29437.705167136974 107147.07508970318,29437.705167136974 
PLINE 38581.20804182609,29502.48863703124 39781.20804182609,29502.48863703124 
PLINE 41181.28638670283,29502.48863703124 43181.208041826074,29502.48863703124 
PLINE 52331.208041826074,29502.48863703124 54356.208041826074,29502.48863703124 
PLINE 54356.208041826074,29502.48863703124 56381.20804182609,29502.48863703124 
PLINE 65531.20804182609,29502.48863703124 67533.23652122443,29502.48863703124 
PLINE 112031.2080418261,29516.75963275144 113741.44946388333,29516.75963275144 
PLINE 33043.85826320496,29501.244761426336 33043.85826320496,31677.139813951908 
PLINE 37861.07543102559,29502.48863703124 37861.07543102559,31677.139813951908 
PLINE 113741.44946388333,29516.75963275144 113741.44946388333,31672.2964262094 
PLINE 39131.20804182583,31677.139813951908 41156.208041826074,31677.139813951908 
PLINE 41156.208041826074,31677.139813951908 43181.20804182608,31677.139813951908 
PLINE 52331.20804182608,31677.139813951908 54347.08395423483,31677.139813951908 
PLINE 54347.08395423483,31677.139813951908 56381.20804182609,31677.139813951908 
PLINE 72131.20804182609,31677.139813951908 74165.41555469185,31677.139813951908 
PLINE 74165.41555469185,31677.139813951908 76181.20804182609,31677.139813951908 
PLINE 82156.20804182607,31677.139813951908 84050.10117159707,31677.139813951908 
PLINE 100531.02007190132,31677.139813951908 102464.6339079384,31677.139813951908 
PLINE 107177.7375752935,31672.2964262094 108881.2080418261,31672.2964262094 
PLINE 112031.2080418261,31672.2964262094 113741.44946388333,31672.2964262094 
PLINE 90656.20804182607,31677.139813951908 90656.20804182607,33265.26915167018 
PLINE 120356.20804182612,31695.83027551961 120356.20804182612,33960.60989121148 
PLINE 37861.07543102559,32290.26915167023 37861.07543102559,33490.26915167023 
PLINE 101253.0997063554,33791.658503557184 102464.6339079384,33791.658503557184 
PLINE 102464.6339079384,33791.658503557184 103851.2667060943,33791.658503557184 
PLINE 103851.2667060943,33791.658503557184 105246.98071017709,33791.658503557184 
PLINE 105246.98071017709,33791.658503557184 106357.2947108067,33791.658503557184 
PLINE 93963.76251764785,37909.90371688542 97256.20804182607,37909.90371688542 
PLINE 97256.20804182607,37909.90371688542 100523.18100771084,37909.90371688542 
