PLINE 33767.67420723962,31565.26915167023 33767.67420723962,31677.139813951908 
PLINE 33767.67420723962,31677.139813951908 33767.67420723962,37909.90371688542 
PLINE 33767.67420723962,37909.90371688542 33767.67420723962,38015.26915167023 
PLINE 41156.208041826074,31565.26915167018 41156.208041826074,31677.139813951908 
PLINE 41156.208041826074,31677.139813951908 41156.208041826074,37909.90371688542 
PLINE 41156.208041826074,37909.90371688542 41156.208041826074,38015.26915167023 
PLINE 41181.28638670283,23165.26915167023 41181.28638670283,23272.148363568114 
PLINE 41181.28638670283,23272.148363568114 41181.28638670283,25753.894715164424 
PLINE 41181.28638670283,25753.894715164424 41181.28638670283,29502.48863703124 
PLINE 41181.28638670283,29502.48863703124 41181.28638670283,29615.26915167024 
PLINE 33043.85826320496,23165.26915167023 33043.85826320496,23165.26915167023 
PLINE 33043.85826320496,23165.26915167023 33043.85826320496,23328.893534994982 
PLINE 33043.85826320496,23328.893534994982 33043.85826320496,23615.26915167023 
PLINE 33043.85826320496,23615.26915167023 33043.85826320496,29501.244761426336 
PLINE 33043.85826320496,29501.244761426336 33043.85826320496,31677.139813951908 
PLINE 33043.85826320496,31677.139813951908 33043.85826320496,32015.26915167023 
PLINE 48122.38451241432,37565.26915167023 48122.38451241432,37909.90371688542 
PLINE 48122.38451241432,37909.90371688542 48122.38451241432,38015.26915167023 
PLINE 47390.03157123785,37565.26915167023 47390.03157123785,37909.90371688542 
PLINE 47390.03157123785,37909.90371688542 47390.03157123785,38015.26915167023 
PLINE 47981.20804182609,31565.26915167023 47981.20804182609,31677.139813951908 
PLINE 47981.20804182609,31677.139813951908 47981.20804182609,32015.26915167023 
PLINE 47531.20804182609,31565.26915167023 47531.20804182609,31677.139813951908 
PLINE 47531.20804182609,31677.139813951908 47531.20804182609,32015.26915167023 
PLINE 47981.20804182609,29165.26915167023 47981.20804182609,29502.48863703124 
PLINE 47981.20804182609,29502.48863703124 47981.20804182609,29615.26915167023 
PLINE 47531.20804182609,29165.26915167023 47531.20804182609,29502.48863703124 
PLINE 47531.20804182609,29502.48863703124 47531.20804182609,29615.26915167023 
PLINE 48087.09039476726,23165.26915167023 48087.09039476726,23272.148363568114 
PLINE 48087.09039476726,23272.148363568114 48087.09039476726,23615.26915167023 
PLINE 47425.325688884914,23165.26915167023 47425.325688884914,23272.148363568114 
PLINE 47425.325688884914,23272.148363568114 47425.325688884914,23615.26915167023 
PLINE 54356.208041826074,23165.26915167023 54356.208041826074,23272.148363568114 
PLINE 54356.208041826074,23272.148363568114 54356.208041826074,29502.48863703124 
PLINE 54356.208041826074,29502.48863703124 54356.208041826074,29615.26915167024 
PLINE 54347.08395423483,31565.26915167018 54347.08395423483,31677.139813951908 
PLINE 54347.08395423483,31677.139813951908 54347.08395423483,34815.26915167023 
PLINE 54347.08395423483,34815.26915167023 54347.08395423483,37909.90371688542 
PLINE 54347.08395423483,37909.90371688542 54347.08395423483,38015.26915167023 
PLINE 61322.38451241431,37565.26915167023 61322.38451241431,37909.90371688542 
PLINE 61322.38451241431,37909.90371688542 61322.38451241431,38015.26915167023 
PLINE 60590.03157123785,37565.26915167023 60590.03157123785,37909.90371688542 
PLINE 60590.03157123785,37909.90371688542 60590.03157123785,38015.26915167023 
PLINE 61181.20804182608,31565.26915167024 61181.20804182608,31677.139813951908 
PLINE 61181.20804182608,31677.139813951908 61181.20804182608,32015.26915167024 
PLINE 60731.20804182608,31565.26915167024 60731.20804182608,31677.139813951908 
PLINE 60731.20804182608,31677.139813951908 60731.20804182608,32015.26915167024 
PLINE 61181.20804182608,29165.26915167023 61181.20804182608,29502.48863703124 
PLINE 61181.20804182608,29502.48863703124 61181.20804182608,29615.26915167023 
PLINE 60731.20804182608,29165.26915167023 60731.20804182608,29502.48863703124 
PLINE 60731.20804182608,29502.48863703124 60731.20804182608,29615.26915167023 
PLINE 60956.20804182608,23165.26915167023 60956.20804182608,23272.148363568114 
PLINE 60956.20804182608,23272.148363568114 60956.20804182608,27415.26915167023 
PLINE 60956.20804182608,27415.26915167023 60956.20804182608,27415.26915167023 
PLINE 127181.2080418261,37565.26915167023 127181.2080418261,37909.00518191132 
PLINE 127181.2080418261,37909.00518191132 127181.2080418261,38015.26915167023 
PLINE 126616.49331486414,37565.26915167023 126616.49331486414,37909.00518191132 
PLINE 126616.49331486414,37909.00518191132 126616.49331486414,38015.26915167023 
PLINE 120356.20804182612,31565.26915167024 120356.20804182612,31695.83027551961 
PLINE 120356.20804182612,31695.83027551961 120356.20804182612,33960.60989121148 
PLINE 120356.20804182612,33960.60989121148 120356.20804182612,37909.00518191132 
PLINE 120356.20804182612,37909.00518191132 120356.20804182612,38015.26915167023 
PLINE 67922.38451241431,37565.26915167023 67922.38451241431,37909.90371688542 
PLINE 67922.38451241431,37909.90371688542 67922.38451241431,38015.26915167023 
PLINE 67204.06076503787,37565.26915167023 67204.06076503787,37909.90371688542 
PLINE 67204.06076503787,37909.90371688542 67204.06076503787,38015.26915167023 
PLINE 74165.41555469185,31565.26915167018 74165.41555469185,31677.139813951908 
PLINE 74165.41555469185,31677.139813951908 74165.41555469185,34815.26915167023 
PLINE 74165.41555469185,34815.26915167023 74165.41555469185,37909.90371688542 
PLINE 74165.41555469185,37909.90371688542 74165.41555469185,38015.26915167023 
PLINE 81122.38451241431,37565.26915167023 81122.38451241431,37909.90371688542 
PLINE 81122.38451241431,37909.90371688542 81122.38451241431,38015.26915167023 
PLINE 80390.03157123785,37565.26915167023 80390.03157123785,37909.90371688542 
PLINE 80390.03157123785,37909.90371688542 80390.03157123785,38015.26915167023 
PLINE 87356.20804182609,31565.26915167018 87356.20804182609,31677.139813951908 
PLINE 87356.20804182609,31677.139813951908 87356.20804182609,37909.90371688542 
PLINE 87356.20804182609,37909.90371688542 87356.20804182609,38015.26915167023 
PLINE 67781.20804182607,31565.26915167023 67781.20804182607,31677.139813951908 
PLINE 67781.20804182607,31677.139813951908 67781.20804182607,32015.26915167023 
PLINE 67331.20804182607,31565.26915167023 67331.20804182607,31677.139813951908 
PLINE 67331.20804182607,31677.139813951908 67331.20804182607,32015.26915167023 
PLINE 67533.23652122443,23165.26915167023 67533.23652122443,23217.278801180408 
PLINE 67533.23652122443,23217.278801180408 67533.23652122443,23272.148363568114 
PLINE 67533.23652122443,23272.148363568114 67533.23652122443,23437.36420765148 
PLINE 67533.23652122443,23437.36420765148 67533.23652122443,26390.26915167024 
PLINE 67533.23652122443,26390.26915167024 67533.23652122443,29502.48863703124 
PLINE 67533.23652122443,29502.48863703124 67533.23652122443,29615.26915167024 
PLINE 74381.20804182609,29165.26915167023 74381.20804182609,29502.48863703124 
PLINE 74381.20804182609,29502.48863703124 74381.20804182609,29615.26915167023 
PLINE 73931.20804182609,29165.26915167023 73931.20804182609,29502.48863703124 
PLINE 73931.20804182609,29502.48863703124 73931.20804182609,29615.26915167023 
PLINE 80981.20804182609,31565.26915167023 80981.20804182609,31677.139813951908 
PLINE 80981.20804182609,31677.139813951908 80981.20804182609,32015.26915167023 
PLINE 80531.20804182609,31565.26915167023 80531.20804182609,31677.139813951908 
PLINE 80531.20804182609,31677.139813951908 80531.20804182609,32015.26915167023 
PLINE 80981.20804182609,29165.26915167023 80981.20804182609,29437.705167136974 
PLINE 80981.20804182609,29437.705167136974 80981.20804182609,29615.26915167023 
PLINE 80531.20804182609,29165.26915167023 80531.20804182609,29437.705167136974 
PLINE 80531.20804182609,29437.705167136974 80531.20804182609,29615.26915167023 
PLINE 74381.20804182609,23165.26915167023 74381.20804182609,23165.26915167023 
PLINE 74381.20804182609,23165.26915167023 74381.20804182609,23615.26915167023 
PLINE 74381.20804182609,23615.26915167023 74381.20804182609,23615.26915167023 
PLINE 73931.20804182609,23165.26915167023 73931.20804182609,23165.26915167023 
PLINE 73931.20804182609,23165.26915167023 73931.20804182609,23615.26915167023 
PLINE 73931.20804182609,23615.26915167023 73931.20804182609,23615.26915167023 
PLINE 81087.09039476726,23165.26915167023 81087.09039476726,23270.87270507043 
PLINE 81087.09039476726,23270.87270507043 81087.09039476726,23615.26915167023 
PLINE 80425.32568888493,23165.26915167023 80425.32568888493,23270.87270507043 
PLINE 80425.32568888493,23270.87270507043 80425.32568888493,23615.26915167023 
PLINE 87356.20420953906,23165.26915167023 87356.20420953906,23270.87270507043 
PLINE 87356.20420953906,23270.87270507043 87356.20420953906,29437.705167136974 
PLINE 87356.20420953906,29437.705167136974 87356.20420953906,29615.31751580277 
PLINE 107147.07508970318,23165.26915167023 107147.07508970318,23270.87270507043 
PLINE 107147.07508970318,23270.87270507043 107147.07508970318,29437.705167136974 
PLINE 107147.07508970318,29437.705167136974 107147.07508970318,29615.26915167023 
PLINE 100556.20804182615,23165.26915167023 100556.20804182615,23270.87270507043 
PLINE 100556.20804182615,23270.87270507043 100556.20804182615,29437.705167136974 
PLINE 100556.20804182615,29437.705167136974 100556.20804182615,29615.26915167023 
PLINE 94287.09039476726,23165.26915167023 94287.09039476726,23270.87270507043 
PLINE 94287.09039476726,23270.87270507043 94287.09039476726,23615.26915167023 
PLINE 93625.3256888849,23165.26915167023 93625.3256888849,23270.87270507043 
PLINE 93625.3256888849,23270.87270507043 93625.3256888849,23615.26915167023 
PLINE 93963.76251764785,31565.26915167018 93963.76251764785,31677.139813951908 
PLINE 93963.76251764785,31677.139813951908 93963.76251764785,37909.90371688542 
PLINE 93963.76251764785,37909.90371688542 93963.76251764785,38015.26915167023 
PLINE 94181.20804182607,29165.26915167023 94181.20804182607,29437.705167136974 
PLINE 94181.20804182607,29437.705167136974 94181.20804182607,29615.26915167023 
PLINE 93731.20804182607,29165.26915167023 93731.20804182607,29437.705167136974 
PLINE 93731.20804182607,29437.705167136974 93731.20804182607,29615.26915167023 
PLINE 100531.02007190132,31565.26915167018 100531.02007190132,31677.139813951908 
PLINE 100531.02007190132,31677.139813951908 100531.02007190132,33791.658503557184 
PLINE 100531.02007190132,33791.658503557184 100531.02007190132,37909.90371688542 
PLINE 100531.02007190132,37909.90371688542 100531.02007190132,37917.176507445845 
PLINE 100531.02007190132,37917.176507445845 100531.02007190132,38015.26915167023 
PLINE 107177.7375752935,31565.26915167018 107177.7375752935,31672.2964262094 
PLINE 107177.7375752935,31672.2964262094 107177.7375752935,33791.658503557184 
PLINE 107177.7375752935,33791.658503557184 107177.7375752935,37909.00518191132 
PLINE 107177.7375752935,37909.00518191132 107177.7375752935,37920.50756147149 
PLINE 107177.7375752935,37920.50756147149 107177.7375752935,38015.26915167023 
PLINE 127066.20804182607,23165.26915167023 127066.20804182607,23165.26915167023 
PLINE 127066.20804182607,23165.26915167023 127066.20804182607,23197.651842134204 
PLINE 127066.20804182607,23197.651842134204 127066.20804182607,23615.26915167023 
PLINE 127066.20804182607,23615.26915167023 127066.20804182607,24390.26915167023 
PLINE 127066.20804182607,24390.26915167023 127066.20804182607,26790.26915167023 
PLINE 127066.20804182607,26790.26915167023 127066.20804182607,27890.443976845057 
PLINE 127066.20804182607,27890.443976845057 127066.20804182607,31695.83027551961 
PLINE 127066.20804182607,31695.83027551961 127066.20804182607,32015.26915167023 
PLINE 127066.20804182607,32015.26915167023 127066.20804182607,32071.06717409719 
PLINE 113741.44946388333,23165.26915167023 113741.44946388333,23270.87270507043 
PLINE 113741.44946388333,23270.87270507043 113741.44946388333,24608.011087154104 
PLINE 113741.44946388333,24608.011087154104 113741.44946388333,27015.26915167023 
PLINE 113741.44946388333,27015.26915167023 113741.44946388333,29516.75963275144 
PLINE 113741.44946388333,29516.75963275144 113741.44946388333,31672.2964262094 
PLINE 113741.44946388333,31672.2964262094 113741.44946388333,37909.00518191132 
PLINE 113741.44946388333,37909.00518191132 113741.44946388333,38015.26915167023 
PLINE 43181.20804182608,31565.26915167018 43181.20804182608,31677.139813951908 
PLINE 43181.20804182608,31677.139813951908 43181.20804182608,31765.26915167019 
PLINE 52331.20804182608,31565.26915167018 52331.20804182608,31677.139813951908 
PLINE 52331.20804182608,31677.139813951908 52331.20804182608,31765.26915167019 
PLINE 56381.20804182609,31565.26915167018 56381.20804182609,31677.139813951908 
PLINE 56381.20804182609,31677.139813951908 56381.20804182609,31765.26915167018 
PLINE 72131.20804182609,31565.26915167018 72131.20804182609,31677.139813951908 
PLINE 72131.20804182609,31677.139813951908 72131.20804182609,31765.26915167018 
PLINE 76181.20804182609,31565.26915167018 76181.20804182609,31677.139813951908 
PLINE 76181.20804182609,31677.139813951908 76181.20804182609,31765.26915167019 
PLINE 82156.20804182607,31565.26915167018 82156.20804182607,31677.139813951908 
PLINE 82156.20804182607,31677.139813951908 82156.20804182607,31765.26915167018 
PLINE 84050.10117159707,31565.26915167018 84050.10117159707,31677.139813951908 
PLINE 84050.10117159707,31677.139813951908 84050.10117159707,37909.90371688542 
PLINE 84050.10117159707,37909.90371688542 84050.10117159707,38015.26915167023 
PLINE 89081.20804182606,31565.26915167018 89081.20804182606,31677.139813951908 
PLINE 89081.20804182606,31677.139813951908 89081.20804182606,31765.26915167019 
PLINE 95681.20804182607,31565.26915167018 95681.20804182607,31677.139813951908 
PLINE 95681.20804182607,31677.139813951908 95681.20804182607,31765.26915167018 
PLINE 108881.2080418261,31565.26915167018 108881.2080418261,31672.2964262094 
PLINE 108881.2080418261,31672.2964262094 108881.2080418261,31765.26915167019 
PLINE 43181.208041826074,29415.26915167024 43181.208041826074,29502.48863703124 
PLINE 43181.208041826074,29502.48863703124 43181.208041826074,29615.26915167024 
PLINE 52331.208041826074,29415.26915167024 52331.208041826074,29502.48863703124 
PLINE 52331.208041826074,29502.48863703124 52331.208041826074,29615.26915167024 
PLINE 56381.20804182609,29415.26915167024 56381.20804182609,29502.48863703124 
PLINE 56381.20804182609,29502.48863703124 56381.20804182609,29615.26915167024 
PLINE 65531.20804182609,29415.26915167024 65531.20804182609,29502.48863703124 
PLINE 65531.20804182609,29502.48863703124 65531.20804182609,29615.26915167024 
PLINE 85331.20804182606,29415.26915167023 85331.20804182606,29437.705167136974 
PLINE 85331.20804182606,29437.705167136974 85331.20804182606,29615.26915167023 
PLINE 89381.20804182609,29415.26915167023 89381.20804182609,29437.705167136974 
PLINE 89381.20804182609,29437.705167136974 89381.20804182609,29615.26915167023 
PLINE 95356.20804182609,29415.26915167023 95356.20804182609,29437.705167136974 
PLINE 95356.20804182609,29437.705167136974 95356.20804182609,29615.26915167023 
PLINE 97250.10117159705,23165.26915167023 97250.10117159705,23270.87270507043 
PLINE 97250.10117159705,23270.87270507043 97250.10117159705,29437.705167136974 
PLINE 97250.10117159705,29437.705167136974 97250.10117159705,29615.26915167023 
PLINE 102281.20804182609,29415.26915167023 102281.20804182609,29437.705167136974 
PLINE 102281.20804182609,29437.705167136974 102281.20804182609,29615.26915167023 
PLINE 39781.20804182609,29415.26915167024 39781.20804182609,29502.48863703124 
PLINE 39781.20804182609,29502.48863703124 39781.20804182609,29615.26915167024 
PLINE 38581.20804182609,29415.26915167024 38581.20804182609,29502.48863703124 
PLINE 38581.20804182609,29502.48863703124 38581.20804182609,29615.26915167024 
PLINE 110456.2080418261,23165.26915167023 110456.2080418261,23270.87270507043 
PLINE 110456.2080418261,23270.87270507043 110456.2080418261,27415.26915167023 
PLINE 110456.2080418261,27415.26915167023 110456.2080418261,28615.26915167023 
PLINE 110456.2080418261,28615.26915167023 110456.2080418261,29415.26915167024 
PLINE 110456.2080418261,29415.26915167024 110456.2080418261,29516.75963275144 
PLINE 103856.20804182612,23165.26915167023 103856.20804182612,23270.87270507043 
PLINE 103856.20804182612,23270.87270507043 103856.20804182612,29415.26915167023 
PLINE 103856.20804182612,29415.26915167023 103856.20804182612,29437.705167136974 
PLINE 90206.20804182607,23165.26915167023 90206.20804182607,23270.87270507043 
PLINE 90206.20804182607,23270.87270507043 90206.20804182607,23365.26915167023 
PLINE 91106.20804182607,23165.26915167023 91106.20804182607,23270.87270507043 
PLINE 91106.20804182607,23270.87270507043 91106.20804182607,23365.26915167023 
PLINE 83606.20804182609,23165.26915167023 83606.20804182609,23270.87270507043 
PLINE 83606.20804182609,23270.87270507043 83606.20804182609,23365.26915167023 
PLINE 84506.20804182607,23165.26915167023 84506.20804182607,23270.87270507043 
PLINE 84506.20804182607,23270.87270507043 84506.20804182607,23365.26915167023 
PLINE 77474.81269298887,23165.26915167023 77474.81269298887,23267.59489401443 
PLINE 77474.81269298887,23267.59489401443 77474.81269298887,23270.87270507043 
PLINE 77474.81269298887,23270.87270507043 77474.81269298887,23511.244461550552 
PLINE 77474.81269298887,23511.244461550552 77474.81269298887,26390.26915167024 
PLINE 77474.81269298887,26390.26915167024 77474.81269298887,29437.705167136974 
PLINE 77474.81269298887,29437.705167136974 77474.81269298887,29615.26915167024 
PLINE 63806.20804182609,23165.26915167023 63806.20804182609,23272.148363568114 
PLINE 63806.20804182609,23272.148363568114 63806.20804182609,23365.26915167023 
PLINE 64706.208041826074,23165.26915167023 64706.208041826074,23272.148363568114 
PLINE 64706.208041826074,23272.148363568114 64706.208041826074,23365.26915167023 
PLINE 57206.20804182608,23165.26915167023 57206.20804182608,23272.148363568114 
PLINE 57206.20804182608,23272.148363568114 57206.20804182608,23365.26915167023 
PLINE 58106.20804182608,23165.26915167023 58106.20804182608,23272.148363568114 
PLINE 58106.20804182608,23272.148363568114 58106.20804182608,23365.26915167023 
PLINE 50606.20804182609,23165.26915167023 50606.20804182609,23272.148363568114 
PLINE 50606.20804182609,23272.148363568114 50606.20804182609,23365.26915167023 
PLINE 51506.20804182609,23165.26915167023 51506.20804182609,23272.148363568114 
PLINE 51506.20804182609,23272.148363568114 51506.20804182609,23365.26915167023 
PLINE 44006.20804182609,23165.26915167023 44006.20804182609,23272.148363568114 
PLINE 44006.20804182609,23272.148363568114 44006.20804182609,23365.26915167023 
PLINE 44906.20804182609,23165.26915167023 44906.20804182609,23272.148363568114 
PLINE 44906.20804182609,23272.148363568114 44906.20804182609,23365.26915167023 
PLINE 40106.208041826074,25654.1002276028 40106.208041826074,25753.894715164424 
PLINE 40106.208041826074,25753.894715164424 40106.208041826074,25854.10022760281 
PLINE 38906.20804182609,25654.1002276028 38906.20804182609,25753.894715164424 
PLINE 38906.20804182609,25753.894715164424 38906.20804182609,25854.10022760281 
PLINE 37861.07543102559,18912.9480807209 37861.07543102559,19135.75049220379 
PLINE 37861.07543102559,19135.75049220379 37861.07543102559,23165.26915167023 
PLINE 37861.07543102559,23165.26915167023 37861.07543102559,23324.883749792352 
PLINE 37861.07543102559,23324.883749792352 37861.07543102559,23707.57684397792 
PLINE 37861.07543102559,23707.57684397792 37861.07543102559,25115.26915167023 
PLINE 37861.07543102559,25115.26915167023 37861.07543102559,25753.894715164424 
PLINE 37861.07543102559,25753.894715164424 37861.07543102559,29502.48863703124 
PLINE 37861.07543102559,29502.48863703124 37861.07543102559,31677.139813951908 
PLINE 37861.07543102559,31677.139813951908 37861.07543102559,32290.26915167023 
PLINE 37861.07543102559,32290.26915167023 37861.07543102559,33490.26915167023 
PLINE 37861.07543102559,33490.26915167023 37861.07543102559,37909.90371688542 
PLINE 37861.07543102559,37909.90371688542 37861.07543102559,38015.26915167023 
PLINE 36781.20804182609,37815.26915167023 36781.20804182609,37909.90371688542 
PLINE 36781.20804182609,37909.90371688542 36781.20804182609,38015.26915167023 
PLINE 44831.208041826074,37815.26915167023 44831.208041826074,37909.90371688542 
PLINE 44831.208041826074,37909.90371688542 44831.208041826074,38015.26915167023 
PLINE 44081.208041826074,37815.26915167023 44081.208041826074,37909.90371688542 
PLINE 44081.208041826074,37909.90371688542 44081.208041826074,38015.26915167023 
PLINE 51431.20804182609,37815.26915167023 51431.20804182609,37909.90371688542 
PLINE 51431.20804182609,37909.90371688542 51431.20804182609,38015.26915167023 
PLINE 50681.208041826074,37815.26915167023 50681.208041826074,37909.90371688542 
PLINE 50681.208041826074,37909.90371688542 50681.208041826074,38015.26915167023 
PLINE 64261.87914091391,33515.26915167023 64261.87914091391,33515.26915167023 
PLINE 64261.87914091391,33515.26915167023 64261.87914091391,37909.90371688542 
PLINE 64261.87914091391,37909.90371688542 64261.87914091391,38015.26915167023 
PLINE 70481.20804182609,37815.26915167023 70481.20804182609,37909.90371688542 
PLINE 70481.20804182609,37909.90371688542 70481.20804182609,38015.26915167023 
PLINE 77831.20804182607,37815.26915167023 77831.20804182607,37909.90371688542 
PLINE 77831.20804182607,37909.90371688542 77831.20804182607,38015.26915167023 
PLINE 77081.20804182609,37815.26915167023 77081.20804182609,37909.90371688542 
PLINE 77081.20804182609,37909.90371688542 77081.20804182609,38015.26915167023 
PLINE 90656.20804182607,31565.26915167018 90656.20804182607,31677.139813951908 
PLINE 90656.20804182607,31677.139813951908 90656.20804182607,33265.26915167018 
PLINE 90656.20804182607,33265.26915167018 90656.20804182607,37909.90371688542 
PLINE 90656.20804182607,37909.90371688542 90656.20804182607,38015.26915167023 
PLINE 97256.20804182607,31677.139813951908 97256.20804182607,31765.26915167018 
PLINE 97256.20804182607,31765.26915167018 97256.20804182607,37909.90371688542 
PLINE 97256.20804182607,37909.90371688542 97256.20804182607,38015.26915167023 
PLINE 117431.20804182609,37815.26915167023 117431.20804182609,37909.00518191132 
PLINE 117431.20804182609,37909.00518191132 117431.20804182609,38015.26915167023 
PLINE 116681.20804182609,37815.26915167023 116681.20804182609,37909.00518191132 
PLINE 116681.20804182609,37909.00518191132 116681.20804182609,38015.26915167023 
PLINE 124030.4572696427,37815.26915167023 124030.4572696427,37909.00518191132 
PLINE 124030.4572696427,37909.00518191132 124030.4572696427,38015.26915167023 
PLINE 123281.20804182609,37815.26915167023 123281.20804182609,37909.00518191132 
PLINE 123281.20804182609,37909.00518191132 123281.20804182609,38015.26915167023 
PLINE 79356.20804182609,29415.26915167023 79356.20804182609,29437.705167136974 
PLINE 79356.20804182609,29437.705167136974 79356.20804182609,29615.26915167023 
PLINE 98831.20804182609,31565.26915167018 98831.20804182609,31677.139813951908 
PLINE 98831.20804182609,31677.139813951908 98831.20804182609,31765.26915167019 
PLINE 98831.2080418261,29415.26915167024 98831.2080418261,29437.705167136974 
PLINE 98831.2080418261,29437.705167136974 98831.2080418261,29615.26915167023 
PLINE 85631.20804182609,31565.26915167018 85631.20804182609,31677.139813951908 
PLINE 85631.20804182609,31677.139813951908 85631.20804182609,31765.26915167018 
PLINE 112031.2080418261,29415.26915167024 112031.2080418261,29516.75963275144 
PLINE 112031.2080418261,29516.75963275144 112031.2080418261,29615.26915167023 
PLINE 105431.20804182609,29415.26915167023 105431.20804182609,29437.705167136974 
PLINE 105431.20804182609,29437.705167136974 105431.20804182609,29615.26915167023 
PLINE 112031.2080418261,31565.26915167018 112031.2080418261,31672.2964262094 
PLINE 112031.2080418261,31672.2964262094 112031.2080418261,31765.26915167019 
PLINE 110456.2080418261,31672.2964262094 110456.2080418261,31765.26915167018 
PLINE 110456.2080418261,31765.26915167018 110456.2080418261,37909.00518191132 
PLINE 110456.2080418261,37909.00518191132 110456.2080418261,38015.26915167023 
PLINE 120254.85279384455,23165.269151670225 120254.85279384455,23190.11067547975 
PLINE 120254.85279384455,23190.11067547975 120254.85279384455,23270.87270507043 
PLINE 120254.85279384455,23270.87270507043 120254.85279384455,26065.26915167023 
PLINE 120254.85279384455,26065.26915167023 120254.85279384455,27890.443976845057 
PLINE 120254.85279384455,27890.443976845057 120254.85279384455,28015.26915167023 
PLINE 117731.2080418251,23165.26915167023 117731.2080418251,23270.87270507043 
PLINE 117731.2080418251,23270.87270507043 117731.2080418251,23365.26915167024 
PLINE 116963.22695961397,23270.87270507043 116963.22695961397,23365.26915167024 
PLINE 116963.22695961397,23365.26915167024 116963.22695961397,24608.011087154104 
PLINE 116963.22695961397,24608.011087154104 116963.22695961397,25315.26915167022 
PLINE 116963.22695961397,25315.26915167022 116963.22695961397,25315.26915167022 
PLINE 116970.45679777717,28813.45349601875 116970.45679777717,28813.453496018752 
PLINE 116970.45679777717,28813.453496018752 116970.45679777717,29516.75963275144 
PLINE 116970.45679777717,29516.75963275144 116970.45679777717,29615.26915167023 
PLINE 116967.27985573634,26515.26915167023 116967.27985573634,26515.26915167023 
PLINE 116967.27985573634,26515.26915167023 116967.27985573634,27015.26915167023 
PLINE 116967.27985573634,27015.26915167023 116967.27985573634,27518.46352262527 
PLINE 116967.27985573634,27518.46352262527 116967.27985573634,27518.46352262527 
PLINE 31431.208041826085,31565.26915167023 31431.208041826085,31677.139813951908 
PLINE 31431.208041826085,31677.139813951908 31431.208041826085,31765.26915167023 
PLINE 31431.208041826085,29415.26915167024 31431.208041826085,29501.244761426336 
PLINE 31431.208041826085,29501.244761426336 31431.208041826085,29615.26915167024 
PLINE 108841.9223275404,28815.26915167023 108841.9223275404,29437.705167136974 
PLINE 108841.9223275404,29437.705167136974 108841.9223275404,29516.75963275144 
PLINE 108841.9223275404,29516.75963275144 108841.9223275404,29615.26915167023 
PLINE 109670.49375611181,28615.26915167023 109670.49375611181,29415.26915167024 
PLINE 109670.49375611181,29415.26915167024 109670.49375611181,29437.705167136974 
PLINE 109670.49375611181,29437.705167136974 109670.49375611181,29516.75963275144 
PLINE 103851.2667060943,33690.26915167023 103851.2667060943,33791.658503557184 
PLINE 103851.2667060943,33791.658503557184 103851.2667060943,38990.26915167024 
PLINE 103851.2667060943,38990.26915167024 103851.2667060943,39094.7050554234 
PLINE 106357.2947108067,33687.19732427602 106357.2947108067,33791.658503557184 
PLINE 106357.2947108067,33791.658503557184 106357.2947108067,33887.19680917835 
PLINE 105246.98071017709,31567.1933298746 105246.98071017709,31672.2964262094 
PLINE 105246.98071017709,31672.2964262094 105246.98071017709,33791.658503557184 
PLINE 105246.98071017709,33791.658503557184 105246.98071017709,33890.26915167023 
PLINE 101253.0997063554,33690.26915167023 101253.0997063554,33791.658503557184 
PLINE 101253.0997063554,33791.658503557184 101253.0997063554,33890.26915167023 
PLINE 102464.6339079384,31565.26915167023 102464.6339079384,31677.139813951908 
PLINE 102464.6339079384,31677.139813951908 102464.6339079384,33791.658503557184 
PLINE 102464.6339079384,33791.658503557184 102464.6339079384,33890.26915167023 
PLINE 39131.20804182583,31565.26915167018 39131.20804182583,31677.139813951908 
PLINE 39131.20804182583,31677.139813951908 39131.20804182583,31765.26915167018 
PLINE 58031.20804182609,37815.26915167023 58031.20804182609,37909.90371688542 
PLINE 58031.20804182609,37909.90371688542 58031.20804182609,38015.26915167023 
PLINE 57350.7967385341,34715.26915167023 57350.7967385341,34781.97351477429 
PLINE 57350.7967385341,34781.97351477429 57350.7967385341,37909.90371688542 
PLINE 57350.7967385341,37909.90371688542 57350.7967385341,38015.26915167023 
PLINE 56056.20804182609,34715.26915167023 56056.20804182609,34815.26915167023 
PLINE 56056.20804182609,34815.26915167023 56056.20804182609,34915.26915167023 
PLINE 71164.80179182609,34715.26915167023 71164.80179182609,34781.935818336904 
PLINE 71164.80179182609,34781.935818336904 71164.80179182609,37909.90371688542 
PLINE 71164.80179182609,37909.90371688542 71164.80179182609,38015.26915167023 
PLINE 72456.20804182609,34715.26915167023 72456.20804182609,34815.26915167023 
PLINE 72456.20804182609,34815.26915167023 72456.20804182609,34915.26915167023 
PLINE 68964.7459384623,21665.268313973465 69056.20804182609,21665.268313973465 
PLINE 69056.20804182609,21665.268313973465 69148.22107808288,21665.268313973465 
PLINE 69148.22107808288,21665.268313973465 75974.96071653007,21665.268313973465 
PLINE 75974.96071653007,21665.268313973465 76056.20804182609,21665.268313973465 
PLINE 76056.20804182609,21665.268313973465 76139.53834267701,21665.268313973465 
PLINE 32931.20804182609,23165.26915167023 33043.85826320496,23165.26915167023 
PLINE 33043.85826320496,23165.26915167023 33231.835200882095,23165.26915167023 
PLINE 33231.835200882095,23165.26915167023 33381.20804182609,23165.26915167023 
PLINE 32931.20804182609,23615.26915167023 33043.85826320496,23615.26915167023 
PLINE 33043.85826320496,23615.26915167023 33381.20804182609,23615.26915167023 
PLINE 126731.2080418261,23165.26915167023 127029.08642105029,23165.26915167023 
PLINE 127029.08642105029,23165.26915167023 127066.20804182607,23165.26915167023 
PLINE 127066.20804182607,23165.26915167023 127181.2080418261,23165.26915167023 
PLINE 126731.2080418261,23615.26915167023 127066.20804182607,23615.26915167023 
PLINE 127066.20804182607,23615.26915167023 127181.2080418261,23615.26915167023 
PLINE 120131.2080418261,31695.83027551961 120356.20804182612,31695.83027551961 
PLINE 120356.20804182612,31695.83027551961 126681.54074721495,31695.83027551961 
PLINE 126681.54074721495,31695.83027551961 127066.20804182607,31695.83027551961 
PLINE 127066.20804182607,31695.83027551961 127181.2080418261,31695.83027551961 
PLINE 108756.2080418261,29516.75963275144 108841.9223275404,29516.75963275144 
PLINE 108841.9223275404,29516.75963275144 109670.49375611181,29516.75963275144 
PLINE 109670.49375611181,29516.75963275144 110456.2080418261,29516.75963275144 
PLINE 110456.2080418261,29516.75963275144 112031.2080418261,29516.75963275144 
PLINE 112031.2080418261,29516.75963275144 113741.44946388333,29516.75963275144 
PLINE 113741.44946388333,29516.75963275144 116970.45679777717,29516.75963275144 
PLINE 116970.45679777717,29516.75963275144 117056.2080418261,29516.75963275144 
PLINE 40931.20804182609,23272.148363568114 41181.28638670283,23272.148363568114 
PLINE 41181.28638670283,23272.148363568114 44006.20804182609,23272.148363568114 
PLINE 44006.20804182609,23272.148363568114 44906.20804182609,23272.148363568114 
PLINE 44906.20804182609,23272.148363568114 47425.325688884914,23272.148363568114 
PLINE 47425.325688884914,23272.148363568114 48087.09039476726,23272.148363568114 
PLINE 48087.09039476726,23272.148363568114 50606.20804182609,23272.148363568114 
PLINE 50606.20804182609,23272.148363568114 51506.20804182609,23272.148363568114 
PLINE 51506.20804182609,23272.148363568114 54356.208041826074,23272.148363568114 
PLINE 54356.208041826074,23272.148363568114 57206.20804182608,23272.148363568114 
PLINE 57206.20804182608,23272.148363568114 58106.20804182608,23272.148363568114 
PLINE 58106.20804182608,23272.148363568114 60956.20804182608,23272.148363568114 
PLINE 60956.20804182608,23272.148363568114 63806.20804182609,23272.148363568114 
PLINE 63806.20804182609,23272.148363568114 64706.208041826074,23272.148363568114 
PLINE 64706.208041826074,23272.148363568114 67482.62713686448,23272.148363568114 
PLINE 67482.62713686448,23272.148363568114 67533.23652122443,23272.148363568114 
PLINE 67533.23652122443,23272.148363568114 67683.80457890959,23272.148363568114 
PLINE 67683.80457890959,23272.148363568114 67781.20804182607,23272.148363568114 
PLINE 73931.20804182609,23165.26915167023 73931.20804182609,23165.26915167023 
PLINE 73931.20804182609,23165.26915167023 74381.20804182609,23165.26915167023 
PLINE 74381.20804182609,23165.26915167023 74381.20804182609,23165.26915167023 
PLINE 73931.20804182609,23615.26915167023 73931.20804182609,23615.26915167023 
PLINE 73931.20804182609,23615.26915167023 74381.20804182609,23615.26915167023 
PLINE 74381.20804182609,23615.26915167023 74381.20804182609,23615.26915167023 
PLINE 31431.20804182609,31677.139813951908 31431.208041826085,31677.139813951908 
PLINE 31431.208041826085,31677.139813951908 33043.85826320496,31677.139813951908 
PLINE 33043.85826320496,31677.139813951908 33767.67420723962,31677.139813951908 
PLINE 33767.67420723962,31677.139813951908 37861.07543102559,31677.139813951908 
PLINE 37861.07543102559,31677.139813951908 39131.20804182583,31677.139813951908 
PLINE 39131.20804182583,31677.139813951908 41156.208041826074,31677.139813951908 
PLINE 41156.208041826074,31677.139813951908 43181.20804182608,31677.139813951908 
PLINE 43181.20804182608,31677.139813951908 47531.20804182609,31677.139813951908 
PLINE 47531.20804182609,31677.139813951908 47981.20804182609,31677.139813951908 
PLINE 47981.20804182609,31677.139813951908 52331.20804182608,31677.139813951908 
PLINE 52331.20804182608,31677.139813951908 54347.08395423483,31677.139813951908 
PLINE 54347.08395423483,31677.139813951908 56381.20804182609,31677.139813951908 
PLINE 56381.20804182609,31677.139813951908 60731.20804182608,31677.139813951908 
PLINE 60731.20804182608,31677.139813951908 61181.20804182608,31677.139813951908 
PLINE 61181.20804182608,31677.139813951908 67331.20804182607,31677.139813951908 
PLINE 67331.20804182607,31677.139813951908 67781.20804182607,31677.139813951908 
PLINE 67781.20804182607,31677.139813951908 72131.20804182609,31677.139813951908 
PLINE 72131.20804182609,31677.139813951908 74165.41555469185,31677.139813951908 
PLINE 74165.41555469185,31677.139813951908 76181.20804182609,31677.139813951908 
PLINE 76181.20804182609,31677.139813951908 80531.20804182609,31677.139813951908 
PLINE 80531.20804182609,31677.139813951908 80981.20804182609,31677.139813951908 
PLINE 80981.20804182609,31677.139813951908 82156.20804182607,31677.139813951908 
PLINE 82156.20804182607,31677.139813951908 84050.10117159707,31677.139813951908 
PLINE 84050.10117159707,31677.139813951908 85631.20804182609,31677.139813951908 
PLINE 85631.20804182609,31677.139813951908 87356.20804182609,31677.139813951908 
PLINE 87356.20804182609,31677.139813951908 89081.20804182606,31677.139813951908 
PLINE 89081.20804182606,31677.139813951908 90656.20804182607,31677.139813951908 
PLINE 90656.20804182607,31677.139813951908 93963.76251764785,31677.139813951908 
PLINE 93963.76251764785,31677.139813951908 95681.20804182607,31677.139813951908 
PLINE 95681.20804182607,31677.139813951908 97256.20804182607,31677.139813951908 
PLINE 97256.20804182607,31677.139813951908 98831.20804182609,31677.139813951908 
PLINE 98831.20804182609,31677.139813951908 100531.02007190132,31677.139813951908 
PLINE 100531.02007190132,31677.139813951908 102464.6339079384,31677.139813951908 
PLINE 102464.6339079384,31677.139813951908 102565.3928059933,31677.139813951908 
PLINE 105153.9603239197,31672.2964262094 105246.98071017709,31672.2964262094 
PLINE 105246.98071017709,31672.2964262094 107177.7375752935,31672.2964262094 
PLINE 107177.7375752935,31672.2964262094 108881.2080418261,31672.2964262094 
PLINE 108881.2080418261,31672.2964262094 110456.2080418261,31672.2964262094 
PLINE 110456.2080418261,31672.2964262094 112031.2080418261,31672.2964262094 
PLINE 112031.2080418261,31672.2964262094 113741.44946388333,31672.2964262094 
PLINE 113741.44946388333,31672.2964262094 113981.2080418261,31672.2964262094 
PLINE 77356.20804182609,29437.705167136974 77474.81269298887,29437.705167136974 
PLINE 77474.81269298887,29437.705167136974 79356.20804182609,29437.705167136974 
PLINE 79356.20804182609,29437.705167136974 80531.20804182609,29437.705167136974 
PLINE 80531.20804182609,29437.705167136974 80981.20804182609,29437.705167136974 
PLINE 80981.20804182609,29437.705167136974 85331.20804182606,29437.705167136974 
PLINE 85331.20804182606,29437.705167136974 87356.20420953906,29437.705167136974 
PLINE 87356.20420953906,29437.705167136974 89381.20804182609,29437.705167136974 
PLINE 89381.20804182609,29437.705167136974 93731.20804182607,29437.705167136974 
PLINE 93731.20804182607,29437.705167136974 94181.20804182607,29437.705167136974 
PLINE 94181.20804182607,29437.705167136974 95356.20804182609,29437.705167136974 
PLINE 95356.20804182609,29437.705167136974 97250.10117159705,29437.705167136974 
PLINE 97250.10117159705,29437.705167136974 98831.2080418261,29437.705167136974 
PLINE 98831.2080418261,29437.705167136974 100556.20804182615,29437.705167136974 
PLINE 100556.20804182615,29437.705167136974 102281.20804182609,29437.705167136974 
PLINE 102281.20804182609,29437.705167136974 103856.20804182612,29437.705167136974 
PLINE 103856.20804182612,29437.705167136974 105431.20804182609,29437.705167136974 
PLINE 105431.20804182609,29437.705167136974 107147.07508970318,29437.705167136974 
PLINE 107147.07508970318,29437.705167136974 108841.9223275404,29437.705167136974 
PLINE 108841.9223275404,29437.705167136974 109670.49375611181,29437.705167136974 
PLINE 109670.49375611181,29437.705167136974 109756.2080418261,29437.705167136974 
PLINE 106931.2080418261,37909.00518191132 107177.7375752935,37909.00518191132 
PLINE 107177.7375752935,37909.00518191132 107190.08955585516,37909.00518191132 
PLINE 107190.08955585516,37909.00518191132 110456.2080418261,37909.00518191132 
PLINE 110456.2080418261,37909.00518191132 113741.44946388333,37909.00518191132 
PLINE 113741.44946388333,37909.00518191132 116681.20804182609,37909.00518191132 
PLINE 116681.20804182609,37909.00518191132 117431.20804182609,37909.00518191132 
PLINE 117431.20804182609,37909.00518191132 120356.20804182612,37909.00518191132 
PLINE 120356.20804182612,37909.00518191132 123281.20804182609,37909.00518191132 
PLINE 123281.20804182609,37909.00518191132 124030.4572696427,37909.00518191132 
PLINE 124030.4572696427,37909.00518191132 126616.49331486414,37909.00518191132 
PLINE 126616.49331486414,37909.00518191132 127181.2080418261,37909.00518191132 
PLINE 127181.2080418261,37909.00518191132 130066.36500134053,37909.00518191132 
PLINE 130066.36500134053,37909.00518191132 133050.86420993228,37909.00518191132 
PLINE 133050.86420993228,37909.00518191132 133482.6454420737,37909.00518191132 
PLINE 33631.20804182609,37909.90371688542 33767.67420723962,37909.90371688542 
PLINE 33767.67420723962,37909.90371688542 36781.20804182609,37909.90371688542 
PLINE 36781.20804182609,37909.90371688542 37861.07543102559,37909.90371688542 
PLINE 37861.07543102559,37909.90371688542 41156.208041826074,37909.90371688542 
PLINE 41156.208041826074,37909.90371688542 44081.208041826074,37909.90371688542 
PLINE 44081.208041826074,37909.90371688542 44831.208041826074,37909.90371688542 
PLINE 44831.208041826074,37909.90371688542 47390.03157123785,37909.90371688542 
PLINE 47390.03157123785,37909.90371688542 48122.38451241432,37909.90371688542 
PLINE 48122.38451241432,37909.90371688542 50681.208041826074,37909.90371688542 
PLINE 50681.208041826074,37909.90371688542 51431.20804182609,37909.90371688542 
PLINE 51431.20804182609,37909.90371688542 54347.08395423483,37909.90371688542 
PLINE 54347.08395423483,37909.90371688542 57350.7967385341,37909.90371688542 
PLINE 57350.7967385341,37909.90371688542 58031.20804182609,37909.90371688542 
PLINE 58031.20804182609,37909.90371688542 60590.03157123785,37909.90371688542 
PLINE 60590.03157123785,37909.90371688542 61322.38451241431,37909.90371688542 
PLINE 61322.38451241431,37909.90371688542 64261.87914091391,37909.90371688542 
PLINE 64261.87914091391,37909.90371688542 67204.06076503787,37909.90371688542 
PLINE 67204.06076503787,37909.90371688542 67922.38451241431,37909.90371688542 
PLINE 67922.38451241431,37909.90371688542 70481.20804182609,37909.90371688542 
PLINE 70481.20804182609,37909.90371688542 71164.80179182609,37909.90371688542 
PLINE 71164.80179182609,37909.90371688542 74165.41555469185,37909.90371688542 
PLINE 74165.41555469185,37909.90371688542 77081.20804182609,37909.90371688542 
PLINE 77081.20804182609,37909.90371688542 77831.20804182607,37909.90371688542 
PLINE 77831.20804182607,37909.90371688542 80390.03157123785,37909.90371688542 
PLINE 80390.03157123785,37909.90371688542 81122.38451241431,37909.90371688542 
PLINE 81122.38451241431,37909.90371688542 84050.10117159707,37909.90371688542 
PLINE 84050.10117159707,37909.90371688542 87356.20804182609,37909.90371688542 
PLINE 87356.20804182609,37909.90371688542 90656.20804182607,37909.90371688542 
PLINE 90656.20804182607,37909.90371688542 93963.76251764785,37909.90371688542 
PLINE 93963.76251764785,37909.90371688542 97256.20804182607,37909.90371688542 
PLINE 97256.20804182607,37909.90371688542 100523.18100771084,37909.90371688542 
PLINE 100523.18100771084,37909.90371688542 100531.02007190132,37909.90371688542 
PLINE 100531.02007190132,37909.90371688542 100781.2080418261,37909.90371688542 
PLINE 77279.5111152763,23270.87270507043 77356.20804182609,23270.87270507043 
PLINE 77356.20804182609,23270.87270507043 77477.54420670321,23270.87270507043 
PLINE 77477.54420670321,23270.87270507043 77474.81269298887,23270.87270507043 
PLINE 77474.81269298887,23270.87270507043 80425.32568888493,23270.87270507043 
PLINE 80425.32568888493,23270.87270507043 81087.09039476726,23270.87270507043 
PLINE 81087.09039476726,23270.87270507043 83606.20804182609,23270.87270507043 
PLINE 83606.20804182609,23270.87270507043 84506.20804182607,23270.87270507043 
PLINE 84506.20804182607,23270.87270507043 87356.20420953906,23270.87270507043 
PLINE 87356.20420953906,23270.87270507043 90206.20804182607,23270.87270507043 
PLINE 90206.20804182607,23270.87270507043 91106.20804182607,23270.87270507043 
PLINE 91106.20804182607,23270.87270507043 93625.3256888849,23270.87270507043 
PLINE 93625.3256888849,23270.87270507043 94287.09039476726,23270.87270507043 
PLINE 94287.09039476726,23270.87270507043 97250.10117159705,23270.87270507043 
PLINE 97250.10117159705,23270.87270507043 100556.20804182615,23270.87270507043 
PLINE 100556.20804182615,23270.87270507043 103856.20804182612,23270.87270507043 
PLINE 103856.20804182612,23270.87270507043 107147.07508970318,23270.87270507043 
PLINE 107147.07508970318,23270.87270507043 110456.2080418261,23270.87270507043 
PLINE 110456.2080418261,23270.87270507043 113741.44946388333,23270.87270507043 
PLINE 113741.44946388333,23270.87270507043 116963.22695961397,23270.87270507043 
PLINE 116963.22695961397,23270.87270507043 117731.2080418251,23270.87270507043 
PLINE 117731.2080418251,23270.87270507043 120162.27193065523,23270.87270507043 
PLINE 120162.27193065523,23270.87270507043 120254.85279384455,23270.87270507043 
PLINE 120254.85279384455,23270.87270507043 120581.2080418261,23270.87270507043 
PLINE 31431.20804182609,29501.244761426336 31431.208041826085,29501.244761426336 
PLINE 31431.208041826085,29501.244761426336 33043.85826320496,29501.244761426336 
PLINE 33043.85826320496,29501.244761426336 33381.20804182609,29501.244761426336 
PLINE 37631.20804182609,29502.48863703124 37861.07543102559,29502.48863703124 
PLINE 37861.07543102559,29502.48863703124 38581.20804182609,29502.48863703124 
PLINE 38581.20804182609,29502.48863703124 39781.20804182609,29502.48863703124 
PLINE 39781.20804182609,29502.48863703124 41181.28638670283,29502.48863703124 
PLINE 41181.28638670283,29502.48863703124 43181.208041826074,29502.48863703124 
PLINE 43181.208041826074,29502.48863703124 47531.20804182609,29502.48863703124 
PLINE 47531.20804182609,29502.48863703124 47981.20804182609,29502.48863703124 
PLINE 47981.20804182609,29502.48863703124 52331.208041826074,29502.48863703124 
PLINE 52331.208041826074,29502.48863703124 54356.208041826074,29502.48863703124 
PLINE 54356.208041826074,29502.48863703124 56381.20804182609,29502.48863703124 
PLINE 56381.20804182609,29502.48863703124 60731.20804182608,29502.48863703124 
PLINE 60731.20804182608,29502.48863703124 61181.20804182608,29502.48863703124 
PLINE 61181.20804182608,29502.48863703124 65531.20804182609,29502.48863703124 
PLINE 65531.20804182609,29502.48863703124 67533.23652122443,29502.48863703124 
PLINE 67533.23652122443,29502.48863703124 73931.20804182609,29502.48863703124 
PLINE 73931.20804182609,29502.48863703124 74381.20804182609,29502.48863703124 
PLINE 74381.20804182609,29502.48863703124 74381.20804182609,29502.48863703124 
PLINE 37631.20804182609,23165.26915167023 37702.939247526054,23165.26915167023 
PLINE 37702.939247526054,23165.26915167023 37861.07543102559,23165.26915167023 
PLINE 37861.07543102559,23165.26915167023 38081.20804182609,23165.26915167023 
PLINE 37631.20804182609,23707.57684397792 37861.07543102559,23707.57684397792 
PLINE 37861.07543102559,23707.57684397792 38081.20804182609,23707.57684397792 
PLINE 37861.07543102559,25753.894715164424 37956.9597077021,25753.894715164424 
PLINE 37956.9597077021,25753.894715164424 38906.20804182609,25753.894715164424 
PLINE 38906.20804182609,25753.894715164424 40106.208041826074,25753.894715164424 
PLINE 40106.208041826074,25753.894715164424 41033.58852588532,25753.894715164424 
PLINE 41033.58852588532,25753.894715164424 41181.28638670283,25753.894715164424 
PLINE 37756.20804182609,33490.26915167023 37861.07543102559,33490.26915167023 
PLINE 37861.07543102559,33490.26915167023 37956.20804182609,33490.26915167023 
PLINE 37756.20804182609,32290.26915167023 37861.07543102559,32290.26915167023 
PLINE 37861.07543102559,32290.26915167023 37956.20804182609,32290.26915167023 
PLINE 120256.2080418261,33960.60989121148 120356.20804182612,33960.60989121148 
PLINE 120356.20804182612,33960.60989121148 120456.2080418261,33960.60989121148 
PLINE 67533.23652122443,26390.26915167024 67656.20804182609,26390.26915167024 
PLINE 67656.20804182609,26390.26915167024 77356.20804182609,26390.26915167024 
PLINE 77356.20804182609,26390.26915167024 77474.81269298887,26390.26915167024 
PLINE 90556.20804182607,33265.26915167018 90656.20804182607,33265.26915167018 
PLINE 90656.20804182607,33265.26915167018 90756.20804182607,33265.26915167018 
PLINE 110356.2080418261,28615.26915167023 110456.2080418261,28615.26915167023 
PLINE 110456.2080418261,28615.26915167023 110556.2080418261,28615.26915167023 
PLINE 110356.2080418261,27415.26915167023 110456.2080418261,27415.26915167023 
PLINE 110456.2080418261,27415.26915167023 110556.2080418261,27415.26915167023 
PLINE 120131.2080418261,27890.443976845057 120254.85279384455,27890.443976845057 
PLINE 120254.85279384455,27890.443976845057 127066.20804182607,27890.443976845057 
PLINE 127066.20804182607,27890.443976845057 127181.2080418261,27890.443976845057 
PLINE 126981.2080418261,26790.26915167023 127066.20804182607,26790.26915167023 
PLINE 127066.20804182607,26790.26915167023 127181.2080418261,26790.26915167023 
PLINE 126981.2080418261,24390.26915167023 127066.20804182607,24390.26915167023 
PLINE 127066.20804182607,24390.26915167023 127181.2080418261,24390.26915167023 
PLINE 120131.2080418261,26065.26915167023 120254.85279384455,26065.26915167023 
PLINE 120254.85279384455,26065.26915167023 120331.2080418261,26065.26915167023 
PLINE 113741.44946388333,24608.011087154104 113856.2080418261,24608.011087154104 
PLINE 113856.2080418261,24608.011087154104 116963.22695961397,24608.011087154104 
PLINE 116963.22695961397,24608.011087154104 117056.2080418261,24608.011087154104 
PLINE 113741.44946388333,27015.26915167023 113856.2080418261,27015.26915167023 
PLINE 113856.2080418261,27015.26915167023 116856.2080418261,27015.26915167023 
PLINE 116856.2080418261,27015.26915167023 116967.27985573634,27015.26915167023 
PLINE 116856.2080418261,28813.453496018752 116970.45679777717,28813.453496018752 
PLINE 116970.45679777717,28813.453496018752 117056.2080418261,28813.453496018752 
PLINE 116856.2080418261,26515.26915167023 116967.27985573634,26515.26915167023 
PLINE 116967.27985573634,26515.26915167023 117056.2080418261,26515.26915167023 
PLINE 116856.2080418261,25315.26915167022 116963.22695961397,25315.26915167022 
PLINE 116963.22695961397,25315.26915167022 117056.2080418261,25315.26915167022 
PLINE 116856.2080418261,27518.46352262527 116967.27985573634,27518.46352262527 
PLINE 116967.27985573634,27518.46352262527 117056.2080418261,27518.46352262527 
PLINE 60856.20804182608,27415.26915167023 60956.20804182608,27415.26915167023 
PLINE 60956.20804182608,27415.26915167023 61056.20804182609,27415.26915167023 
PLINE 101756.2080418261,39094.7050554234 101800.23328477103,39094.7050554234 
PLINE 101800.23328477103,39094.7050554234 103851.2667060943,39094.7050554234 
PLINE 103851.2667060943,39094.7050554234 105916.8102563015,39094.7050554234 
PLINE 105916.8102563015,39094.7050554234 105960.9247471775,39094.7050554234 
PLINE 100531.02007190132,33791.658503557184 100656.2080418261,33791.658503557184 
PLINE 100656.2080418261,33791.658503557184 101253.0997063554,33791.658503557184 
PLINE 101253.0997063554,33791.658503557184 102464.6339079384,33791.658503557184 
PLINE 102464.6339079384,33791.658503557184 103851.2667060943,33791.658503557184 
PLINE 103851.2667060943,33791.658503557184 105246.98071017709,33791.658503557184 
PLINE 105246.98071017709,33791.658503557184 106357.2947108067,33791.658503557184 
PLINE 106357.2947108067,33791.658503557184 107056.4349993124,33791.658503557184 
PLINE 107056.4349993124,33791.658503557184 107177.7375752935,33791.658503557184 
PLINE 57056.20804182609,34781.97351477429 57350.7967385341,34781.97351477429 
PLINE 57350.7967385341,34781.97351477429 57456.09495251389,34781.97351477429 
PLINE 54347.08395423483,34815.26915167023 54456.20804182609,34815.26915167023 
PLINE 54456.20804182609,34815.26915167023 56056.20804182609,34815.26915167023 
PLINE 56056.20804182609,34815.26915167023 56056.20804182609,34815.26915167023 
PLINE 71056.20804182609,34781.935818336904 71164.80179182609,34781.935818336904 
PLINE 71164.80179182609,34781.935818336904 71456.20804182609,34781.935818336904 
PLINE 72456.20804182609,34815.26915167023 72456.20804182609,34815.26915167023 
PLINE 72456.20804182609,34815.26915167023 74056.20804182609,34815.26915167023 
PLINE 74056.20804182609,34815.26915167023 74165.41555469185,34815.26915167023 
PLINE 64161.02007865115,33515.26915167023 64261.87914091391,33515.26915167023 
PLINE 64261.87914091391,33515.26915167023 64361.02007865114,33515.26915167023 
PLINE 37756.20804182609,25115.26915167023 37861.07543102559,25115.26915167023 
PLINE 37861.07543102559,25115.26915167023 37956.20804182609,25115.26915167023 
PLINE 67533.23652122443,23437.36420765148 67683.80457890959,23272.148363568114 
PLINE 67683.80457890959,23272.148363568114 67781.20804182606,23165.26915167024 
PLINE 67781.20804182606,23165.26915167024 69057.08970526939,21765.26526494256 
PLINE 69057.08970526939,21765.26526494256 69148.22107808288,21665.268313973465 
PLINE 67482.62713686448,23272.148363568114 67533.23652122443,23217.278801180408 
PLINE 67533.23652122443,23217.278801180408 67581.20804182609,23165.26915167024 
PLINE 67581.20804182609,23165.26915167024 68964.7459384623,21665.268313973465 
PLINE 68964.7459384623,21665.268313973465 69056.97823830452,21565.2721177273 
PLINE 33043.85826320496,23328.893534994982 33231.835200882095,23165.26915167023 
PLINE 33231.835200882095,23165.26915167023 33228.89864925557,23167.82527081404 
PLINE 33228.89864925557,23167.82527081404 35632.573899862815,21075.547965663398 
PLINE 35632.573899862815,21075.547965663398 37861.07543102559,19135.75049220379 
PLINE 37861.07543102559,19135.75049220379 38117.03798481263,18912.9480807209 
PLINE 120162.27193065523,23270.87270507043 120254.85279384455,23190.11067547975 
PLINE 120254.85279384455,23190.11067547975 120283.32966260178,23165.26915167024 
PLINE 120283.32966260178,23165.26915167024 123656.2080418261,20222.970991070353 
PLINE 123656.2080418261,20222.970991070353 123808.32966260184,20090.26915167024 
PLINE 36580.26104595405,22103.13701955328 36615.78050006907,22067.94656091216 
PLINE 36615.78050006907,22067.94656091216 36651.299954184076,22032.75610227106 
PLINE 35663.32592110919,21392.74793725311 35806.39995132349,21250.999116266976 
PLINE 35806.39995132349,21250.999116266976 35949.47398153778,21109.25029528084 
PLINE 130066.36500134053,37909.00518191132 130155.85961982128,37815.26915167023 
PLINE 130155.85961982128,37815.26915167023 130712.98609881072,37231.738819129474 
PLINE 130712.98609881072,37231.738819129474 131505.56855396673,36401.593562953465 
PLINE 131505.56855396673,36401.593562953465 131576.1154011587,36327.70329430874 
PLINE 105814.18750306529,39190.26915167024 105916.8102563015,39094.7050554234 
PLINE 105916.8102563015,39094.7050554234 107077.94528593747,38013.43588042588 
PLINE 107077.94528593747,38013.43588042588 107177.7375752935,37920.50756147149 
PLINE 107177.7375752935,37920.50756147149 107190.08955585516,37909.00518191132 
PLINE 75974.96071653007,21665.268313973465 76056.20804182609,21765.26526494256 
PLINE 76056.20804182609,21765.26526494256 77279.5111152763,23270.87270507043 
PLINE 77279.5111152763,23270.87270507043 77356.2080418261,23365.26915167023 
PLINE 77356.2080418261,23365.26915167023 77474.81269298887,23511.244461550552 
PLINE 76056.20804182609,21565.2721177273 76139.53834267701,21665.268313973465 
PLINE 76139.53834267701,21665.268313973465 77389.54110052405,23165.26915167024 
PLINE 77389.54110052405,23165.26915167024 77474.81269298887,23267.59489401443 
PLINE 77474.81269298887,23267.59489401443 77477.54420670321,23270.87270507043 
PLINE 126681.54074721495,31695.83027551961 126718.48614279088,31731.8699280891 
PLINE 126718.48614279088,31731.8699280891 127066.20804182607,32071.06717409719 
PLINE 127066.20804182607,32071.06717409719 131505.56855396673,36401.593562953465 
PLINE 131505.56855396673,36401.593562953465 133050.86420993228,37909.00518191132 
PLINE 133050.86420993228,37909.00518191132 133159.79878943856,38015.26915167023 
PLINE 123504.08642105038,20090.26915167024 123656.2080418261,20222.970991070353 
PLINE 123656.2080418261,20222.970991070353 127029.08642105029,23165.26915167023 
PLINE 127029.08642105029,23165.26915167023 127029.0864210503,23165.26915167024 
PLINE 127029.0864210503,23165.26915167024 127066.20804182607,23197.651842134204 
PLINE 35632.573899862815,21075.547965663398 35665.96406494451,21109.25029528084 
PLINE 35665.96406494451,21109.25029528084 35806.39995132349,21250.999116266976 
PLINE 35806.39995132349,21250.999116266976 36615.78050006907,22067.94656091216 
PLINE 36615.78050006907,22067.94656091216 37702.939247526054,23165.26915167023 
PLINE 37702.939247526054,23165.26915167023 37702.93924752607,23165.26915167024 
PLINE 37702.93924752607,23165.26915167024 37861.07543102559,23324.883749792352 
PLINE 130676.82204408429,37197.21113247434 130712.98609881072,37231.738819129474 
PLINE 130712.98609881072,37231.738819129474 130749.15015353699,37266.26650578443 
PLINE 100523.18100771084,37909.90371688542 100531.02007190132,37917.176507445845 
PLINE 100531.02007190132,37917.176507445845 100634.17789607788,38012.88247842332 
PLINE 100634.17789607788,38012.88247842332 101800.23328477103,39094.7050554234 
PLINE 101800.23328477103,39094.7050554234 101903.23818757424,39190.26915167024 
