PLINE 7979.448990512076,10524.391745229896 8788.829539257636,11341.339189875085 
PLINE 89136.27599880254,12638.66178063315 89136.27599880254,13881.403716117009 
PLINE 52920.08774726944,12545.7767265753 52920.08774726944,18721.315783650225 
PLINE 62821.72470531121,12545.7767265753 62821.72470531121,18721.315783650225 
PLINE 76037.62871919975,12545.7767265753 76037.62871919975,18721.315783650225 
PLINE 16616.4357276849,12547.800942136892 16616.4357276849,18772.93393332747 
PLINE 29811.08916672315,12547.800942136892 29811.08916672315,18772.93393332747 
PLINE 92427.90183303312,15338.66178063314 92427.90183303312,17163.836605807963 
PLINE 49647.861732177436,18721.315783650225 51529.25708101466,18721.315783650225 
PLINE 57504.25708101461,18721.315783650225 59529.253248727604,18721.315783650225 
PLINE 59529.253248727604,18721.315783650225 61554.25708101466,18721.315783650225 
PLINE 70709.67794021066,18721.315783650225 72729.1038624017,18721.315783650225 
PLINE 72729.1038624017,18721.315783650225 74738.03430960407,18721.315783650225 
PLINE 81843.5427953004,18721.315783650225 85914.50829995539,18721.315783650225 
PLINE 10754.25708101466,18772.93393332747 11954.25708101466,18772.93393332747 
PLINE 13354.335425891406,18772.93393332747 15354.25708101465,18772.93393332747 
PLINE 24504.25708101465,18772.93393332747 26529.25708101466,18772.93393332747 
PLINE 26529.25708101466,18772.93393332747 28554.25708101467,18772.93393332747 
PLINE 37704.25708101467,18772.93393332747 39706.285560413016,18772.93393332747 
PLINE 10032.022662023062,18772.93393332747 10032.022662023062,20838.66178063309 
PLINE 85914.50829995539,18721.315783650225 85914.50829995539,20948.955589345373 
PLINE 5216.907302393541,18774.63739038924 5216.907302393541,20956.02833139892 
PLINE 11304.2570810144,20956.02833139892 13313.928613861372,20956.02833139892 
PLINE 13313.928613861372,20956.02833139892 15354.25708101465,20956.02833139892 
PLINE 24504.25708101465,20956.02833139892 26522.813782045592,20956.02833139892 
PLINE 26522.813782045592,20956.02833139892 28554.25708101467,20956.02833139892 
PLINE 39725.71430300168,20956.02833139892 41747.62623377167,20956.02833139892 
PLINE 57513.869017279685,20956.02833139892 59529.41811764759,20956.02833139892 
PLINE 59529.41811764759,20956.02833139892 61556.11206295274,20956.02833139892 
PLINE 70707.38457294942,20956.02833139892 72704.11614104376,20956.02833139892 
PLINE 83899.29636337845,20948.955589345373 85914.50829995539,20948.955589345373 
PLINE 16643.20458112976,20956.02833139892 16643.20458112976,23216.20115092073 
PLINE 29827.83133933699,20956.02833139892 29827.83133933699,23227.9962060228 
PLINE 43021.03831395002,20956.02833139892 43021.03831395002,23221.70636255648 
PLINE 92529.25191205414,20964.121091675646 92529.25191205414,23234.0025201744 
PLINE 62817.374784524014,21656.63023320491 62817.374784524014,23238.08357727504 
PLINE 73426.14874554395,23065.05113252009 74637.68294712693,23065.05113252009 
PLINE 74637.68294712693,23065.05113252009 76024.31574528286,23065.05113252009 
PLINE 76024.31574528286,23065.05113252009 77420.02974936567,23065.05113252009 
PLINE 77420.02974936567,23065.05113252009 78530.34374999527,23065.05113252009 
