PLINE 5940.7232464282015,20838.66178063315 5940.7232464282015,20956.02833139892 
PLINE 5940.7232464282015,20956.02833139892 5940.7232464282015,27181.776917551386 
PLINE 5940.7232464282015,27181.776917551386 5940.7232464282015,27288.66178063315 
PLINE 13313.928613861372,20838.66178063309 13313.928613861372,20956.02833139892 
PLINE 13313.928613861372,20956.02833139892 13313.928613861372,27181.776917551386 
PLINE 13313.928613861372,27181.776917551386 13313.928613861372,27288.66178063315 
PLINE 13354.335425891406,12438.661780633138 13354.335425891406,12547.800942136892 
PLINE 13354.335425891406,12547.800942136892 13354.335425891406,15027.287344127335 
PLINE 13354.335425891406,15027.287344127335 13354.335425891406,18772.93393332747 
PLINE 13354.335425891406,18772.93393332747 13354.335425891406,18888.66178063315 
PLINE 5216.907302393541,12438.66178063315 5216.907302393541,12438.66178063315 
PLINE 5216.907302393541,12438.66178063315 5216.907302393541,12602.286163957895 
PLINE 5216.907302393541,12602.286163957895 5216.907302393541,12888.66178063315 
PLINE 5216.907302393541,12888.66178063315 5216.907302393541,18774.63739038924 
PLINE 5216.907302393541,18774.63739038924 5216.907302393541,20956.02833139892 
PLINE 5216.907302393541,20956.02833139892 5216.907302393541,21288.66178063315 
PLINE 20295.433551602895,26838.66178063315 20295.433551602895,27181.776917551386 
PLINE 20295.433551602895,27181.776917551386 20295.433551602895,27288.66178063315 
PLINE 19563.080610426437,26838.66178063315 19563.080610426437,27181.776917551386 
PLINE 19563.080610426437,27181.776917551386 19563.080610426437,27288.66178063315 
PLINE 20154.25708101467,20838.66178063315 20154.25708101467,20956.02833139892 
PLINE 20154.25708101467,20956.02833139892 20154.25708101467,21288.66178063315 
PLINE 19704.25708101467,20838.66178063315 19704.25708101467,20956.02833139892 
PLINE 19704.25708101467,20956.02833139892 19704.25708101467,21288.66178063315 
PLINE 20154.25708101467,18438.66178063314 20154.25708101467,18772.93393332747 
PLINE 20154.25708101467,18772.93393332747 20154.25708101467,18888.66178063314 
PLINE 19704.25708101467,18438.66178063314 19704.25708101467,18772.93393332747 
PLINE 19704.25708101467,18772.93393332747 19704.25708101467,18888.66178063314 
PLINE 20260.139433955846,12438.661780633138 20260.139433955846,12547.800942136892 
PLINE 20260.139433955846,12547.800942136892 20260.139433955846,12888.66178063315 
PLINE 19598.374728073497,12438.661780633138 19598.374728073497,12547.800942136892 
PLINE 19598.374728073497,12547.800942136892 19598.374728073497,12888.66178063315 
PLINE 26529.25708101466,12438.661780633138 26529.25708101466,12547.800942136892 
PLINE 26529.25708101466,12547.800942136892 26529.25708101466,18772.93393332747 
PLINE 26529.25708101466,18772.93393332747 26529.25708101466,18888.66178063315 
PLINE 26522.813782045592,20838.66178063309 26522.813782045592,20956.02833139892 
PLINE 26522.813782045592,20956.02833139892 26522.813782045592,27181.776917551386 
PLINE 26522.813782045592,27181.776917551386 26522.813782045592,27288.66178063315 
PLINE 33495.43355160289,26838.66178063315 33495.43355160289,27181.776917551386 
PLINE 33495.43355160289,27181.776917551386 33495.43355160289,27288.66178063315 
PLINE 32763.080610426427,26838.66178063315 32763.080610426427,27181.776917551386 
PLINE 32763.080610426427,27181.776917551386 32763.080610426427,27288.66178063315 
PLINE 33354.25708101465,20838.66178063315 33354.25708101465,20956.02833139892 
PLINE 33354.25708101465,20956.02833139892 33354.25708101465,21288.66178063315 
PLINE 32904.25708101465,20838.66178063315 32904.25708101465,20956.02833139892 
PLINE 32904.25708101465,20956.02833139892 32904.25708101465,21288.66178063315 
PLINE 33354.25708101465,18438.66178063314 33354.25708101465,18772.93393332747 
PLINE 33354.25708101465,18772.93393332747 33354.25708101465,18888.66178063314 
PLINE 32904.25708101465,18438.66178063314 32904.25708101465,18772.93393332747 
PLINE 32904.25708101465,18772.93393332747 32904.25708101465,18888.66178063314 
PLINE 33460.139433955825,12438.661780633138 33460.139433955825,12547.800942136892 
PLINE 33460.139433955825,12547.800942136892 33460.139433955825,12888.66178063315 
PLINE 32798.374728073475,12438.661780633138 32798.374728073475,12547.800942136892 
PLINE 32798.374728073475,12547.800942136892 32798.374728073475,12888.66178063315 
PLINE 99354.25708101466,26838.66178063315 99354.25708101466,27182.16828873031 
PLINE 99354.25708101466,27182.16828873031 99354.25708101466,27288.66178063315 
PLINE 98789.5423540527,26838.66178063315 98789.5423540527,27182.16828873031 
PLINE 98789.5423540527,27182.16828873031 98789.5423540527,27288.66178063315 
PLINE 92529.25191205414,20838.66178063315 92529.25191205414,20964.121091675646 
PLINE 92529.25191205414,20964.121091675646 92529.25191205414,23234.0025201744 
PLINE 92529.25191205414,23234.0025201744 92529.25191205414,27182.16828873031 
PLINE 92529.25191205414,27182.16828873031 92529.25191205414,27288.66178063315 
PLINE 39725.71430300168,20838.66178063315 39725.71430300168,20956.02833139892 
PLINE 39725.71430300168,20956.02833139892 39725.71430300168,27181.776917551386 
PLINE 39725.71430300168,27181.776917551386 39725.71430300168,27288.66178063315 
PLINE 46695.43355160289,26838.66178063315 46695.43355160289,27181.776917551386 
PLINE 46695.43355160289,27181.776917551386 46695.43355160289,27288.66178063315 
PLINE 46011.94938870696,26838.66178063315 46011.94938870696,27181.776917551386 
PLINE 46011.94938870696,27181.776917551386 46011.94938870696,27288.66178063315 
PLINE 52929.616088889146,20838.66178063315 52929.616088889146,20956.02833139892 
PLINE 52929.616088889146,20956.02833139892 52929.616088889146,27181.776917551386 
PLINE 52929.616088889146,27181.776917551386 52929.616088889146,27288.66178063315 
PLINE 59529.41811764759,20834.6870900513 59529.41811764759,20956.02833139892 
PLINE 59529.41811764759,20956.02833139892 59529.41811764759,27181.776917551386 
PLINE 59529.41811764759,27181.776917551386 59529.41811764759,27288.66178063315 
PLINE 39706.285560413016,12438.661780633138 39706.285560413016,12490.671430143302 
PLINE 39706.285560413016,12490.671430143302 39706.285560413016,12547.800942136892 
PLINE 39706.285560413016,12547.800942136892 39706.285560413016,12710.756836614404 
PLINE 39706.285560413016,12710.756836614404 39706.285560413016,18772.93393332747 
PLINE 39706.285560413016,18772.93393332747 39706.285560413016,18888.66178063315 
PLINE 46554.25708101465,18438.66178063314 46554.25708101465,18772.93393332747 
PLINE 46554.25708101465,18772.93393332747 46554.25708101465,18888.66178063314 
PLINE 46104.25708101465,18438.66178063314 46104.25708101465,18772.93393332747 
PLINE 46104.25708101465,18772.93393332747 46104.25708101465,18888.66178063314 
PLINE 46554.25708101465,20838.66178063315 46554.25708101465,20956.02833139892 
PLINE 46554.25708101465,20956.02833139892 46554.25708101465,21288.66178063315 
PLINE 46104.25708101465,20838.66178063315 46104.25708101465,20956.02833139892 
PLINE 46104.25708101465,20956.02833139892 46104.25708101465,21288.66178063315 
PLINE 46554.25708101465,12438.66178063315 46554.25708101465,12438.66178063315 
PLINE 46554.25708101465,12438.66178063315 46554.25708101465,12888.66178063315 
PLINE 46554.25708101465,12888.66178063315 46554.25708101465,12888.66178063315 
PLINE 46104.25708101465,12438.66178063315 46104.25708101465,12438.66178063315 
PLINE 46104.25708101465,12438.66178063315 46104.25708101465,12888.66178063315 
PLINE 46104.25708101465,12888.66178063315 46104.25708101465,12888.66178063315 
PLINE 52920.08774726944,12438.661780633138 52920.08774726944,12545.7767265753 
PLINE 52920.08774726944,12545.7767265753 52920.08774726944,18721.315783650225 
PLINE 52920.08774726944,18721.315783650225 52920.08774726944,18888.66178063314 
PLINE 59529.253248727604,12438.661780633138 59529.253248727604,12545.7767265753 
PLINE 59529.253248727604,12545.7767265753 59529.253248727604,18721.315783650225 
PLINE 59529.253248727604,18721.315783650225 59529.253248727604,18888.71014476569 
PLINE 79660.13943395585,12438.661780633138 79660.13943395585,12545.7767265753 
PLINE 79660.13943395585,12545.7767265753 79660.13943395585,12888.66178063315 
PLINE 78998.3747280735,12438.661780633138 78998.3747280735,12545.7767265753 
PLINE 78998.3747280735,12545.7767265753 78998.3747280735,12888.66178063315 
PLINE 72729.1038624017,12438.661780633138 72729.1038624017,12545.7767265753 
PLINE 72729.1038624017,12545.7767265753 72729.1038624017,18721.315783650225 
PLINE 72729.1038624017,18721.315783650225 72729.1038624017,18888.66178063314 
PLINE 66460.13943395582,12438.661780633138 66460.13943395582,12545.7767265753 
PLINE 66460.13943395582,12545.7767265753 66460.13943395582,12888.66178063315 
PLINE 65798.37472807347,12438.661780633138 65798.37472807347,12545.7767265753 
PLINE 65798.37472807347,12545.7767265753 65798.37472807347,12888.66178063315 
PLINE 66495.4335516029,26838.66178063315 66495.4335516029,27181.776917551386 
PLINE 66495.4335516029,27181.776917551386 66495.4335516029,27288.66178063315 
PLINE 65763.08061042642,26838.66178063315 65763.08061042642,27181.776917551386 
PLINE 65763.08061042642,27181.776917551386 65763.08061042642,27288.66178063315 
PLINE 66129.25708101464,20838.66178063315 66129.25708101464,20956.02833139892 
PLINE 66129.25708101464,20956.02833139892 66129.25708101464,21288.66178063315 
PLINE 66354.25708101464,18438.66178063314 66354.25708101464,18721.315783650225 
PLINE 66354.25708101464,18721.315783650225 66354.25708101464,18888.66178063314 
PLINE 65904.25708101464,18438.66178063314 65904.25708101464,18721.315783650225 
PLINE 65904.25708101464,18721.315783650225 65904.25708101464,18888.66178063314 
PLINE 72704.11614104376,20838.66178063315 72704.11614104376,20956.02833139892 
PLINE 72704.11614104376,20956.02833139892 72704.11614104376,23065.05113252009 
PLINE 72704.11614104376,23065.05113252009 72704.11614104376,27181.776917551386 
PLINE 72704.11614104376,27181.776917551386 72704.11614104376,27190.612769041065 
PLINE 72704.11614104376,27190.612769041065 72704.11614104376,27288.66178063315 
PLINE 79343.32779275559,20838.66178063315 79343.32779275559,20948.955589345373 
PLINE 79343.32779275559,20948.955589345373 79343.32779275559,23065.05113252009 
PLINE 79343.32779275559,23065.05113252009 79343.32779275559,27182.16828873031 
PLINE 79343.32779275559,27182.16828873031 79343.32779275559,27200.845975212913 
PLINE 79343.32779275559,27200.845975212913 79343.32779275559,27288.66178063315 
PLINE 79318.14596990356,17888.66178063314 79318.14596990356,18721.315783650225 
PLINE 79318.14596990356,18721.315783650225 79318.14596990356,18888.66178063314 
PLINE 99239.25708101469,12438.66178063315 99239.25708101469,12438.66178063315 
PLINE 99239.25708101469,12438.66178063315 99239.25708101469,12471.044471097179 
PLINE 99239.25708101469,12471.044471097179 99239.25708101469,12888.66178063315 
PLINE 99239.25708101469,12888.66178063315 99239.25708101469,13663.661780633143 
PLINE 99239.25708101469,13663.661780633143 99239.25708101469,16063.661780633143 
PLINE 99239.25708101469,16063.661780633143 99239.25708101469,17163.836605807963 
PLINE 99239.25708101469,17163.836605807963 99239.25708101469,20964.121091675646 
PLINE 99239.25708101469,20964.121091675646 99239.25708101469,21288.66178063315 
PLINE 99239.25708101469,21288.66178063315 99239.25708101469,21344.459803057092 
PLINE 85914.50829995539,12438.661780633138 85914.50829995539,12545.7767265753 
PLINE 85914.50829995539,12545.7767265753 85914.50829995539,13881.403716117009 
PLINE 85914.50829995539,13881.403716117009 85914.50829995539,16288.661780633141 
PLINE 85914.50829995539,16288.661780633141 85914.50829995539,18721.315783650225 
PLINE 85914.50829995539,18721.315783650225 85914.50829995539,20948.955589345373 
PLINE 85914.50829995539,20948.955589345373 85914.50829995539,27182.16828873031 
PLINE 85914.50829995539,27182.16828873031 85914.50829995539,27288.66178063315 
PLINE 15354.25708101465,20838.66178063309 15354.25708101465,20956.02833139892 
PLINE 15354.25708101465,20956.02833139892 15354.25708101465,21038.6617806331 
PLINE 24504.25708101465,20838.66178063309 24504.25708101465,20956.02833139892 
PLINE 24504.25708101465,20956.02833139892 24504.25708101465,21038.6617806331 
PLINE 28554.25708101467,20838.66178063309 28554.25708101467,20956.02833139892 
PLINE 28554.25708101467,20956.02833139892 28554.25708101467,21038.66178063309 
PLINE 15354.25708101465,18688.66178063315 15354.25708101465,18772.93393332747 
PLINE 15354.25708101465,18772.93393332747 15354.25708101465,18888.66178063315 
PLINE 24504.25708101465,18688.66178063315 24504.25708101465,18772.93393332747 
PLINE 24504.25708101465,18772.93393332747 24504.25708101465,18888.66178063315 
PLINE 28554.25708101467,18688.66178063315 28554.25708101467,18772.93393332747 
PLINE 28554.25708101467,18772.93393332747 28554.25708101467,18888.66178063315 
PLINE 37704.25708101467,18688.66178063315 37704.25708101467,18772.93393332747 
PLINE 37704.25708101467,18772.93393332747 37704.25708101467,18888.66178063315 
PLINE 57504.25708101461,18688.66178063314 57504.25708101461,18721.315783650225 
PLINE 57504.25708101461,18721.315783650225 57504.25708101461,18888.66178063314 
PLINE 61554.25708101466,18688.66178063314 61554.25708101466,18721.315783650225 
PLINE 61554.25708101466,18721.315783650225 61554.25708101466,18888.66178063314 
PLINE 10032.022662023062,8186.340709683818 10032.022662023062,8410.972638518071 
PLINE 10032.022662023062,8410.972638518071 10032.022662023062,12438.66178063315 
PLINE 10032.022662023062,12438.66178063315 10032.022662023062,12596.154920766778 
PLINE 10032.022662023062,12596.154920766778 10032.022662023062,12980.969472940838 
PLINE 10032.022662023062,12980.969472940838 10032.022662023062,14388.66178063314 
PLINE 10032.022662023062,14388.66178063314 10032.022662023062,15027.287344127335 
PLINE 10032.022662023062,15027.287344127335 10032.022662023062,18772.93393332747 
PLINE 10032.022662023062,18772.93393332747 10032.022662023062,20838.66178063309 
PLINE 10032.022662023062,20838.66178063309 10032.022662023062,20956.02833139892 
PLINE 11954.25708101466,18688.66178063315 11954.25708101466,18772.93393332747 
PLINE 11954.25708101466,18772.93393332747 11954.25708101466,18888.66178063315 
PLINE 10754.25708101466,18688.66178063315 10754.25708101466,18772.93393332747 
PLINE 10754.25708101466,18772.93393332747 10754.25708101466,18888.66178063315 
PLINE 83079.25708101469,12438.661780633138 83079.25708101469,12545.7767265753 
PLINE 83079.25708101469,12545.7767265753 83079.25708101469,12638.661780633141 
PLINE 69879.25708101464,12438.661780633138 69879.25708101464,12545.7767265753 
PLINE 69879.25708101464,12545.7767265753 69879.25708101464,12638.661780633141 
PLINE 55779.257081014664,12438.661780633138 55779.257081014664,12545.7767265753 
PLINE 55779.257081014664,12545.7767265753 55779.257081014664,12638.66178063314 
PLINE 56679.25708101465,12438.661780633138 56679.25708101465,12545.7767265753 
PLINE 56679.25708101465,12545.7767265753 56679.25708101465,12638.661780633141 
PLINE 49647.861732177436,12438.661780633138 49647.861732177436,12540.987522977324 
PLINE 49647.861732177436,12540.987522977324 49647.861732177436,12545.7767265753 
PLINE 49647.861732177436,12545.7767265753 49647.861732177436,12784.637090513483 
PLINE 49647.861732177436,12784.637090513483 49647.861732177436,18721.315783650225 
PLINE 49647.861732177436,18721.315783650225 49647.861732177436,18888.66178063315 
PLINE 35979.25708101465,12438.661780633138 35979.25708101465,12547.800942136892 
PLINE 35979.25708101465,12547.800942136892 35979.25708101465,12638.66178063314 
PLINE 36879.25708101465,12438.661780633138 36879.25708101465,12547.800942136892 
PLINE 36879.25708101465,12547.800942136892 36879.25708101465,12638.661780633141 
PLINE 22779.257081014668,12438.661780633138 22779.257081014668,12547.800942136892 
PLINE 22779.257081014668,12547.800942136892 22779.257081014668,12638.66178063314 
PLINE 23679.25708101467,12438.661780633138 23679.25708101467,12547.800942136892 
PLINE 23679.25708101467,12547.800942136892 23679.25708101467,12638.661780633141 
PLINE 12279.25708101465,14927.49285656571 12279.25708101465,15027.287344127335 
PLINE 12279.25708101465,15027.287344127335 12279.25708101465,15127.49285656572 
PLINE 11079.25708101466,14927.49285656571 11079.25708101466,15027.287344127335 
PLINE 11079.25708101466,15027.287344127335 11079.25708101466,15127.49285656572 
PLINE 10404.25708101466,27088.66178063314 10404.25708101466,27181.776917551386 
PLINE 10404.25708101466,27181.776917551386 10404.25708101466,27288.66178063315 
PLINE 8954.257081014668,27088.66178063314 8954.257081014668,27181.776917551386 
PLINE 8954.257081014668,27181.776917551386 8954.257081014668,27288.66178063315 
PLINE 23604.25708101467,27088.66178063314 23604.25708101467,27181.776917551386 
PLINE 23604.25708101467,27181.776917551386 23604.25708101467,27288.66178063315 
PLINE 22854.257081014643,27088.66178063314 22854.257081014643,27181.776917551386 
PLINE 22854.257081014643,27181.776917551386 22854.257081014643,27288.66178063315 
PLINE 36054.25708101467,27088.66178063314 36054.25708101467,27181.776917551386 
PLINE 36054.25708101467,27181.776917551386 36054.25708101467,27288.66178063315 
PLINE 50004.25708101466,27088.66178063314 50004.25708101466,27181.776917551386 
PLINE 50004.25708101466,27181.776917551386 50004.25708101466,27288.66178063315 
PLINE 49254.25708101466,27088.66178063314 49254.25708101466,27181.776917551386 
PLINE 49254.25708101466,27181.776917551386 49254.25708101466,27288.66178063315 
PLINE 55854.257081014664,27088.66178063314 55854.257081014664,27181.776917551386 
PLINE 55854.257081014664,27181.776917551386 55854.257081014664,27288.66178063315 
PLINE 62817.374784524014,20956.02833139892 62817.374784524014,21303.21658911581 
PLINE 62817.374784524014,21303.21658911581 62817.374784524014,21656.63023320491 
PLINE 62817.374784524014,21656.63023320491 62817.374784524014,23238.08357727504 
PLINE 62817.374784524014,23238.08357727504 62817.374784524014,27181.776917551386 
PLINE 62817.374784524014,27181.776917551386 62817.374784524014,27288.66178063315 
PLINE 69054.25708101464,27088.66178063314 69054.25708101464,27181.776917551386 
PLINE 69054.25708101464,27181.776917551386 69054.25708101464,27288.66178063315 
PLINE 89604.25708101466,27088.66178063314 89604.25708101466,27182.16828873031 
PLINE 89604.25708101466,27182.16828873031 89604.25708101466,27288.66178063315 
PLINE 88854.25708101466,27088.66178063314 88854.25708101466,27182.16828873031 
PLINE 88854.25708101466,27182.16828873031 88854.25708101466,27288.66178063315 
PLINE 96203.50630883127,27088.66178063314 96203.50630883127,27182.16828873031 
PLINE 96203.50630883127,27182.16828873031 96203.50630883127,27288.66178063315 
PLINE 95454.25708101469,27088.66178063314 95454.25708101469,27182.16828873031 
PLINE 95454.25708101469,27182.16828873031 95454.25708101469,27288.66178063315 
PLINE 51529.25708101466,18688.66178063314 51529.25708101466,18721.315783650225 
PLINE 51529.25708101466,18721.315783650225 51529.25708101466,18888.66178063314 
PLINE 68979.25708101464,12438.661780633138 68979.25708101464,12545.7767265753 
PLINE 68979.25708101464,12545.7767265753 68979.25708101464,12638.66178063314 
PLINE 69804.25708101466,27088.66178063314 69804.25708101466,27181.776917551386 
PLINE 69804.25708101466,27181.776917551386 69804.25708101466,27288.66178063315 
PLINE 56604.25708101466,27088.66178063314 56604.25708101466,27181.776917551386 
PLINE 56604.25708101466,27181.776917551386 56604.25708101466,27288.66178063315 
PLINE 82179.25708101467,12438.661780633138 82179.25708101467,12545.7767265753 
PLINE 82179.25708101467,12545.7767265753 82179.25708101467,12638.66178063314 
PLINE 83004.25708101467,27088.66178063314 83004.25708101467,27182.16828873031 
PLINE 83004.25708101467,27182.16828873031 83004.25708101467,27288.66178063315 
PLINE 92427.90183303312,12438.661780633134 92427.90183303312,12463.503304442653 
PLINE 92427.90183303312,12463.503304442653 92427.90183303312,12545.7767265753 
PLINE 92427.90183303312,12545.7767265753 92427.90183303312,15338.66178063314 
PLINE 92427.90183303312,15338.66178063314 92427.90183303312,17163.836605807963 
PLINE 92427.90183303312,17163.836605807963 92427.90183303312,17288.66178063314 
PLINE 89904.25708101364,12438.661780633143 89904.25708101364,12545.7767265753 
PLINE 89904.25708101364,12545.7767265753 89904.25708101364,12638.66178063315 
PLINE 89136.27599880254,12545.7767265753 89136.27599880254,12638.66178063315 
PLINE 89136.27599880254,12638.66178063315 89136.27599880254,13881.403716117009 
PLINE 89136.27599880254,13881.403716117009 89136.27599880254,14588.66178063314 
PLINE 89136.27599880254,14588.66178063314 89136.27599880254,14588.66178063314 
PLINE 89143.50583696572,18086.84612498166 89143.50583696572,18086.84612498166 
PLINE 89143.50583696572,18086.84612498166 89143.50583696572,18721.315783650225 
PLINE 89143.50583696572,18721.315783650225 89143.50583696572,18888.66178063314 
PLINE 89140.32889492494,15788.66178063315 89140.32889492494,15788.661780633152 
PLINE 89140.32889492494,15788.661780633152 89140.32889492494,16288.661780633141 
PLINE 89140.32889492494,16288.661780633141 89140.32889492494,16791.85615158818 
PLINE 89140.32889492494,16791.85615158818 89140.32889492494,16791.85615158818 
PLINE 3604.257081014667,20838.66178063315 3604.257081014667,20956.02833139892 
PLINE 3604.257081014667,20956.02833139892 3604.257081014667,21038.66178063315 
PLINE 3604.257081014667,18688.66178063315 3604.257081014667,18774.63739038924 
PLINE 3604.257081014667,18774.63739038924 3604.257081014667,18888.66178063315 
PLINE 81014.97136672898,18088.66178063314 81014.97136672898,18721.315783650225 
PLINE 81014.97136672898,18721.315783650225 81014.97136672898,18888.66178063314 
PLINE 81843.5427953004,17888.66178063314 81843.5427953004,18688.66178063315 
PLINE 81843.5427953004,18688.66178063315 81843.5427953004,18721.315783650225 
PLINE 82254.25708101466,27088.66178063314 82254.25708101466,27182.16828873031 
PLINE 82254.25708101466,27182.16828873031 82254.25708101466,27288.66178063315 
PLINE 76024.31574528286,22963.66178063315 76024.31574528286,23065.05113252009 
PLINE 76024.31574528286,23065.05113252009 76024.31574528286,28263.66178063315 
PLINE 76024.31574528286,28263.66178063315 76024.31574528286,28368.09768438631 
PLINE 78530.34374999527,22960.58995323893 78530.34374999527,23065.05113252009 
PLINE 78530.34374999527,23065.05113252009 78530.34374999527,23160.58943814126 
PLINE 77420.02974936567,20840.58595883751 77420.02974936567,20948.955589345373 
PLINE 77420.02974936567,20948.955589345373 77420.02974936567,23065.05113252009 
PLINE 77420.02974936567,23065.05113252009 77420.02974936567,23163.66178063315 
PLINE 73426.14874554395,22963.66178063315 73426.14874554395,23065.05113252009 
PLINE 73426.14874554395,23065.05113252009 73426.14874554395,23163.66178063315 
PLINE 74637.68294712693,20838.66178063315 74637.68294712693,20956.02833139892 
PLINE 74637.68294712693,20956.02833139892 74637.68294712693,23065.05113252009 
PLINE 74637.68294712693,23065.05113252009 74637.68294712693,23163.66178063315 
PLINE 11304.2570810144,20838.66178063309 11304.2570810144,20956.02833139892 
PLINE 11304.2570810144,20956.02833139892 11304.2570810144,21038.66178063309 
PLINE 36834.06911783972,27088.66178063314 36834.06911783972,27181.776917551386 
PLINE 36834.06911783972,27181.776917551386 36834.06911783972,27288.66178063315 
PLINE 16616.4357276849,12438.661780633138 16616.4357276849,12547.800942136892 
PLINE 16616.4357276849,12547.800942136892 16616.4357276849,18772.93393332747 
PLINE 16616.4357276849,18772.93393332747 16616.4357276849,18890.163714909 
PLINE 16643.20458112976,20831.3341627615 16643.20458112976,20956.02833139892 
PLINE 16643.20458112976,20956.02833139892 16643.20458112976,23216.20115092073 
PLINE 16643.20458112976,23216.20115092073 16643.20458112976,27181.776917551386 
PLINE 16643.20458112976,27181.776917551386 16643.20458112976,27288.66178063315 
PLINE -59708.50466873793,21294.33574030825 -59708.50466873793,26829.84477021284 
PLINE 29811.08916672315,12437.2085567226 29811.08916672315,12547.800942136892 
PLINE 29811.08916672315,12547.800942136892 29811.08916672315,18772.93393332747 
PLINE 29811.08916672315,18772.93393332747 29811.08916672315,18887.20855672259 
PLINE 29827.83133933699,20843.12921786358 29827.83133933699,20956.02833139892 
PLINE 29827.83133933699,20956.02833139892 29827.83133933699,23227.9962060228 
PLINE 29827.83133933699,23227.9962060228 29827.83133933699,27181.776917551386 
PLINE 29827.83133933699,27181.776917551386 29827.83133933699,27293.12921786357 
PLINE 43021.03831395002,20836.83937439725 43021.03831395002,20956.02833139892 
PLINE 43021.03831395002,20956.02833139892 43021.03831395002,23221.70636255648 
PLINE 43021.03831395002,23221.70636255648 43021.03831395002,27181.776917551386 
PLINE 43021.03831395002,27181.776917551386 43021.03831395002,27288.66178063315 
PLINE 41747.62623377167,20841.16030265349 41747.62623377167,20956.02833139892 
PLINE 41747.62623377167,20956.02833139892 41747.62623377167,21041.16030265349 
PLINE 57513.869017279685,20834.6870900513 57513.869017279685,20956.02833139892 
PLINE 57513.869017279685,20956.02833139892 57513.869017279685,21034.68709005132 
PLINE 62821.72470531121,12438.661780633138 62821.72470531121,12545.7767265753 
PLINE 62821.72470531121,12545.7767265753 62821.72470531121,18721.315783650225 
PLINE 62821.72470531121,18721.315783650225 62821.72470531121,18890.21430598341 
PLINE 61556.11206295274,20839.46653605088 61556.11206295274,20956.02833139892 
PLINE 61556.11206295274,20956.02833139892 61556.11206295274,21039.46653605088 
PLINE 70707.38457294942,20858.04023091066 70707.38457294942,20956.02833139892 
PLINE 70707.38457294942,20956.02833139892 70707.38457294942,21058.04023091067 
PLINE 70709.67794021066,18675.70519959971 70709.67794021066,18721.315783650225 
PLINE 70709.67794021066,18721.315783650225 70709.67794021066,18875.70519959971 
PLINE 76037.62871919975,12438.661780633138 76037.62871919975,12545.7767265753 
PLINE 76037.62871919975,12545.7767265753 76037.62871919975,18721.315783650225 
PLINE 76037.62871919975,18721.315783650225 76037.62871919975,18892.23832510148 
PLINE 74738.03430960407,18684.85936300361 74738.03430960407,18721.315783650225 
PLINE 74738.03430960407,18721.315783650225 74738.03430960407,18884.85936300361 
PLINE 83899.29636337845,20842.48864748074 83899.29636337845,20948.955589345373 
PLINE 83899.29636337845,20948.955589345373 83899.29636337845,21042.48864748075 
PLINE 41137.79497765087,10938.66094293638 41229.25708101465,10938.66094293638 
PLINE 41229.25708101465,10938.66094293638 41321.27011727145,10938.66094293638 
PLINE 41321.27011727145,10938.66094293638 48148.00975571865,10938.66094293638 
PLINE 48148.00975571865,10938.66094293638 48229.25708101466,10938.66094293638 
PLINE 48229.25708101466,10938.66094293638 48312.58738186558,10938.66094293638 
PLINE 3604.257081014667,20956.02833139892 3604.257081014667,20956.02833139892 
PLINE 3604.257081014667,20956.02833139892 5216.907302393541,20956.02833139892 
PLINE 5216.907302393541,20956.02833139892 5940.7232464282015,20956.02833139892 
PLINE 5940.7232464282015,20956.02833139892 10032.022662023062,20956.02833139892 
PLINE 10032.022662023062,20956.02833139892 11304.2570810144,20956.02833139892 
PLINE 11304.2570810144,20956.02833139892 13313.928613861372,20956.02833139892 
PLINE 13313.928613861372,20956.02833139892 15354.25708101465,20956.02833139892 
PLINE 15354.25708101465,20956.02833139892 16643.20458112976,20956.02833139892 
PLINE 16643.20458112976,20956.02833139892 19704.25708101467,20956.02833139892 
PLINE 19704.25708101467,20956.02833139892 20154.25708101467,20956.02833139892 
PLINE 20154.25708101467,20956.02833139892 24504.25708101465,20956.02833139892 
PLINE 24504.25708101465,20956.02833139892 26522.813782045592,20956.02833139892 
PLINE 26522.813782045592,20956.02833139892 28554.25708101467,20956.02833139892 
PLINE 28554.25708101467,20956.02833139892 29827.83133933699,20956.02833139892 
PLINE 29827.83133933699,20956.02833139892 32904.25708101465,20956.02833139892 
PLINE 32904.25708101465,20956.02833139892 33354.25708101465,20956.02833139892 
PLINE 33354.25708101465,20956.02833139892 39725.71430300168,20956.02833139892 
PLINE 39725.71430300168,20956.02833139892 41747.62623377167,20956.02833139892 
PLINE 41747.62623377167,20956.02833139892 43021.03831395002,20956.02833139892 
PLINE 43021.03831395002,20956.02833139892 46104.25708101465,20956.02833139892 
PLINE 46104.25708101465,20956.02833139892 46554.25708101465,20956.02833139892 
PLINE 46554.25708101465,20956.02833139892 52929.616088889146,20956.02833139892 
PLINE 52929.616088889146,20956.02833139892 57513.869017279685,20956.02833139892 
PLINE 57513.869017279685,20956.02833139892 59529.41811764759,20956.02833139892 
PLINE 59529.41811764759,20956.02833139892 61556.11206295274,20956.02833139892 
PLINE 61556.11206295274,20956.02833139892 62817.374784524014,20956.02833139892 
PLINE 62817.374784524014,20956.02833139892 66129.25708101464,20956.02833139892 
PLINE 66129.25708101464,20956.02833139892 70707.38457294942,20956.02833139892 
PLINE 70707.38457294942,20956.02833139892 72704.11614104376,20956.02833139892 
PLINE 72704.11614104376,20956.02833139892 74637.68294712693,20956.02833139892 
PLINE 74637.68294712693,20956.02833139892 74738.44184518185,20956.02833139892 
PLINE 5104.257081014667,12438.66178063315 5216.907302393541,12438.66178063315 
PLINE 5216.907302393541,12438.66178063315 5404.884240070664,12438.66178063315 
PLINE 5404.884240070664,12438.66178063315 5554.257081014667,12438.66178063315 
PLINE 5104.257081014667,12888.66178063315 5216.907302393541,12888.66178063315 
PLINE 5216.907302393541,12888.66178063315 5554.257081014667,12888.66178063315 
PLINE 98904.25708101466,12438.66178063315 99202.13546023885,12438.66178063315 
PLINE 99202.13546023885,12438.66178063315 99239.25708101469,12438.66178063315 
PLINE 99239.25708101469,12438.66178063315 99354.25708101466,12438.66178063315 
PLINE 98904.25708101466,12888.66178063315 99239.25708101469,12888.66178063315 
PLINE 99239.25708101469,12888.66178063315 99354.25708101466,12888.66178063315 
PLINE 92304.25708101469,20964.121091675646 92529.25191205414,20964.121091675646 
PLINE 92529.25191205414,20964.121091675646 98849.35975562509,20964.121091675646 
PLINE 98849.35975562509,20964.121091675646 99239.25708101469,20964.121091675646 
PLINE 99239.25708101469,20964.121091675646 99354.25708101466,20964.121091675646 
PLINE 77327.00936310827,20948.955589345373 77420.02974936567,20948.955589345373 
PLINE 77420.02974936567,20948.955589345373 79343.32779275559,20948.955589345373 
PLINE 79343.32779275559,20948.955589345373 83899.29636337845,20948.955589345373 
PLINE 83899.29636337845,20948.955589345373 85914.50829995539,20948.955589345373 
PLINE 85914.50829995539,20948.955589345373 86154.25708101469,20948.955589345373 
PLINE 13104.25708101466,12547.800942136892 13354.335425891406,12547.800942136892 
PLINE 13354.335425891406,12547.800942136892 16616.4357276849,12547.800942136892 
PLINE 16616.4357276849,12547.800942136892 19598.374728073497,12547.800942136892 
PLINE 19598.374728073497,12547.800942136892 20260.139433955846,12547.800942136892 
PLINE 20260.139433955846,12547.800942136892 22779.257081014668,12547.800942136892 
PLINE 22779.257081014668,12547.800942136892 23679.25708101467,12547.800942136892 
PLINE 23679.25708101467,12547.800942136892 26529.25708101466,12547.800942136892 
PLINE 26529.25708101466,12547.800942136892 29811.08916672315,12547.800942136892 
PLINE 29811.08916672315,12547.800942136892 32798.374728073475,12547.800942136892 
PLINE 32798.374728073475,12547.800942136892 33460.139433955825,12547.800942136892 
PLINE 33460.139433955825,12547.800942136892 35979.25708101465,12547.800942136892 
PLINE 35979.25708101465,12547.800942136892 36879.25708101465,12547.800942136892 
PLINE 36879.25708101465,12547.800942136892 39653.5916932677,12547.800942136892 
PLINE 39653.5916932677,12547.800942136892 39706.285560413016,12547.800942136892 
PLINE 39706.285560413016,12547.800942136892 39854.794032200065,12547.800942136892 
PLINE 39854.794032200065,12547.800942136892 39954.25708101465,12547.800942136892 
PLINE 46104.25708101465,12438.66178063315 46104.25708101465,12438.66178063315 
PLINE 46104.25708101465,12438.66178063315 46554.25708101465,12438.66178063315 
PLINE 46554.25708101465,12438.66178063315 46554.25708101465,12438.66178063315 
PLINE 46104.25708101465,12888.66178063315 46104.25708101465,12888.66178063315 
PLINE 46104.25708101465,12888.66178063315 46554.25708101465,12888.66178063315 
PLINE 46554.25708101465,12888.66178063315 46554.25708101465,12888.66178063315 
PLINE 49529.25708101465,18721.315783650225 49647.861732177436,18721.315783650225 
PLINE 49647.861732177436,18721.315783650225 51529.25708101466,18721.315783650225 
PLINE 51529.25708101466,18721.315783650225 52920.08774726944,18721.315783650225 
PLINE 52920.08774726944,18721.315783650225 57504.25708101461,18721.315783650225 
PLINE 57504.25708101461,18721.315783650225 59529.253248727604,18721.315783650225 
PLINE 59529.253248727604,18721.315783650225 61554.25708101466,18721.315783650225 
PLINE 61554.25708101466,18721.315783650225 62821.72470531121,18721.315783650225 
PLINE 62821.72470531121,18721.315783650225 65904.25708101464,18721.315783650225 
PLINE 65904.25708101464,18721.315783650225 66354.25708101464,18721.315783650225 
PLINE 66354.25708101464,18721.315783650225 70709.67794021066,18721.315783650225 
PLINE 70709.67794021066,18721.315783650225 72729.1038624017,18721.315783650225 
PLINE 72729.1038624017,18721.315783650225 74738.03430960407,18721.315783650225 
PLINE 74738.03430960407,18721.315783650225 76037.62871919975,18721.315783650225 
PLINE 76037.62871919975,18721.315783650225 79318.14596990356,18721.315783650225 
PLINE 79318.14596990356,18721.315783650225 81014.97136672898,18721.315783650225 
PLINE 81014.97136672898,18721.315783650225 81843.5427953004,18721.315783650225 
PLINE 81843.5427953004,18721.315783650225 85914.50829995539,18721.315783650225 
PLINE 85914.50829995539,18721.315783650225 89143.50583696572,18721.315783650225 
PLINE 89143.50583696572,18721.315783650225 89229.25708101469,18721.315783650225 
PLINE 79104.25708101467,27182.16828873031 79343.32779275559,27182.16828873031 
PLINE 79343.32779275559,27182.16828873031 79363.38507039653,27182.16828873031 
PLINE 79363.38507039653,27182.16828873031 82254.25708101466,27182.16828873031 
PLINE 82254.25708101466,27182.16828873031 83004.25708101467,27182.16828873031 
PLINE 83004.25708101467,27182.16828873031 85914.50829995539,27182.16828873031 
PLINE 85914.50829995539,27182.16828873031 88854.25708101466,27182.16828873031 
PLINE 88854.25708101466,27182.16828873031 89604.25708101466,27182.16828873031 
PLINE 89604.25708101466,27182.16828873031 92529.25191205414,27182.16828873031 
PLINE 92529.25191205414,27182.16828873031 95454.25708101469,27182.16828873031 
PLINE 95454.25708101469,27182.16828873031 96203.50630883127,27182.16828873031 
PLINE 96203.50630883127,27182.16828873031 98789.5423540527,27182.16828873031 
PLINE 98789.5423540527,27182.16828873031 99354.25708101466,27182.16828873031 
PLINE 99354.25708101466,27182.16828873031 102239.63317714728,27182.16828873031 
PLINE 102239.63317714728,27182.16828873031 105223.67795866069,27182.16828873031 
PLINE 105223.67795866069,27182.16828873031 105655.6944812623,27182.16828873031 
PLINE 5804.257081014667,27181.776917551386 5940.7232464282015,27181.776917551386 
PLINE 5940.7232464282015,27181.776917551386 8954.257081014668,27181.776917551386 
PLINE 8954.257081014668,27181.776917551386 10404.25708101466,27181.776917551386 
PLINE 10404.25708101466,27181.776917551386 13313.928613861372,27181.776917551386 
PLINE 13313.928613861372,27181.776917551386 16643.20458112976,27181.776917551386 
PLINE 16643.20458112976,27181.776917551386 19563.080610426437,27181.776917551386 
PLINE 19563.080610426437,27181.776917551386 20295.433551602895,27181.776917551386 
PLINE 20295.433551602895,27181.776917551386 22854.257081014643,27181.776917551386 
PLINE 22854.257081014643,27181.776917551386 23604.25708101467,27181.776917551386 
PLINE 23604.25708101467,27181.776917551386 26522.813782045592,27181.776917551386 
PLINE 26522.813782045592,27181.776917551386 29827.83133933699,27181.776917551386 
PLINE 29827.83133933699,27181.776917551386 32763.080610426427,27181.776917551386 
PLINE 32763.080610426427,27181.776917551386 33495.43355160289,27181.776917551386 
PLINE 33495.43355160289,27181.776917551386 36054.25708101467,27181.776917551386 
PLINE 36054.25708101467,27181.776917551386 36834.06911783972,27181.776917551386 
PLINE 36834.06911783972,27181.776917551386 39725.71430300168,27181.776917551386 
PLINE 39725.71430300168,27181.776917551386 43021.03831395002,27181.776917551386 
PLINE 43021.03831395002,27181.776917551386 46011.94938870696,27181.776917551386 
PLINE 46011.94938870696,27181.776917551386 46695.43355160289,27181.776917551386 
PLINE 46695.43355160289,27181.776917551386 49254.25708101466,27181.776917551386 
PLINE 49254.25708101466,27181.776917551386 50004.25708101466,27181.776917551386 
PLINE 50004.25708101466,27181.776917551386 52929.616088889146,27181.776917551386 
PLINE 52929.616088889146,27181.776917551386 55854.257081014664,27181.776917551386 
PLINE 55854.257081014664,27181.776917551386 56604.25708101466,27181.776917551386 
PLINE 56604.25708101466,27181.776917551386 59529.41811764759,27181.776917551386 
PLINE 59529.41811764759,27181.776917551386 62817.374784524014,27181.776917551386 
PLINE 62817.374784524014,27181.776917551386 65763.08061042642,27181.776917551386 
PLINE 65763.08061042642,27181.776917551386 66495.4335516029,27181.776917551386 
PLINE 66495.4335516029,27181.776917551386 69054.25708101464,27181.776917551386 
PLINE 69054.25708101464,27181.776917551386 69804.25708101466,27181.776917551386 
PLINE 69804.25708101466,27181.776917551386 72694.59231295745,27181.776917551386 
PLINE 72694.59231295745,27181.776917551386 72704.11614104376,27181.776917551386 
PLINE 72704.11614104376,27181.776917551386 72954.25708101467,27181.776917551386 
PLINE 49453.78815792212,12545.7767265753 49529.25708101465,12545.7767265753 
PLINE 49529.25708101465,12545.7767265753 49651.85274175218,12545.7767265753 
PLINE 49651.85274175218,12545.7767265753 49647.861732177436,12545.7767265753 
PLINE 49647.861732177436,12545.7767265753 52920.08774726944,12545.7767265753 
PLINE 52920.08774726944,12545.7767265753 55779.257081014664,12545.7767265753 
PLINE 55779.257081014664,12545.7767265753 56679.25708101465,12545.7767265753 
PLINE 56679.25708101465,12545.7767265753 59529.253248727604,12545.7767265753 
PLINE 59529.253248727604,12545.7767265753 62821.72470531121,12545.7767265753 
PLINE 62821.72470531121,12545.7767265753 65798.37472807347,12545.7767265753 
PLINE 65798.37472807347,12545.7767265753 66460.13943395582,12545.7767265753 
PLINE 66460.13943395582,12545.7767265753 68979.25708101464,12545.7767265753 
PLINE 68979.25708101464,12545.7767265753 69879.25708101464,12545.7767265753 
PLINE 69879.25708101464,12545.7767265753 72729.1038624017,12545.7767265753 
PLINE 72729.1038624017,12545.7767265753 76037.62871919975,12545.7767265753 
PLINE 76037.62871919975,12545.7767265753 78998.3747280735,12545.7767265753 
PLINE 78998.3747280735,12545.7767265753 79660.13943395585,12545.7767265753 
PLINE 79660.13943395585,12545.7767265753 82179.25708101467,12545.7767265753 
PLINE 82179.25708101467,12545.7767265753 83079.25708101469,12545.7767265753 
PLINE 83079.25708101469,12545.7767265753 85914.50829995539,12545.7767265753 
PLINE 85914.50829995539,12545.7767265753 89136.27599880254,12545.7767265753 
PLINE 89136.27599880254,12545.7767265753 89904.25708101364,12545.7767265753 
PLINE 89904.25708101364,12545.7767265753 92333.58839790546,12545.7767265753 
PLINE 92333.58839790546,12545.7767265753 92427.90183303312,12545.7767265753 
PLINE 92427.90183303312,12545.7767265753 92754.25708101469,12545.7767265753 
PLINE 3604.257081014667,18774.63739038924 3604.257081014667,18774.63739038924 
PLINE 3604.257081014667,18774.63739038924 5216.907302393541,18774.63739038924 
PLINE 5216.907302393541,18774.63739038924 5554.257081014667,18774.63739038924 
PLINE 9804.25708101466,18772.93393332747 10032.022662023062,18772.93393332747 
PLINE 10032.022662023062,18772.93393332747 10754.25708101466,18772.93393332747 
PLINE 10754.25708101466,18772.93393332747 11954.25708101466,18772.93393332747 
PLINE 11954.25708101466,18772.93393332747 13354.335425891406,18772.93393332747 
PLINE 13354.335425891406,18772.93393332747 15354.25708101465,18772.93393332747 
PLINE 15354.25708101465,18772.93393332747 16616.4357276849,18772.93393332747 
PLINE 16616.4357276849,18772.93393332747 19704.25708101467,18772.93393332747 
PLINE 19704.25708101467,18772.93393332747 20154.25708101467,18772.93393332747 
PLINE 20154.25708101467,18772.93393332747 24504.25708101465,18772.93393332747 
PLINE 24504.25708101465,18772.93393332747 26529.25708101466,18772.93393332747 
PLINE 26529.25708101466,18772.93393332747 28554.25708101467,18772.93393332747 
PLINE 28554.25708101467,18772.93393332747 29811.08916672315,18772.93393332747 
PLINE 29811.08916672315,18772.93393332747 32904.25708101465,18772.93393332747 
PLINE 32904.25708101465,18772.93393332747 33354.25708101465,18772.93393332747 
PLINE 33354.25708101465,18772.93393332747 37704.25708101467,18772.93393332747 
PLINE 37704.25708101467,18772.93393332747 39706.285560413016,18772.93393332747 
PLINE 39706.285560413016,18772.93393332747 46104.25708101465,18772.93393332747 
PLINE 46104.25708101465,18772.93393332747 46554.25708101465,18772.93393332747 
PLINE 46554.25708101465,18772.93393332747 46554.25708101465,18772.93393332747 
PLINE 9804.25708101466,12438.66178063315 9875.988286714648,12438.66178063315 
PLINE 9875.988286714648,12438.66178063315 10032.022662023062,12438.66178063315 
PLINE 10032.022662023062,12438.66178063315 10254.25708101466,12438.66178063315 
PLINE 9804.25708101466,12980.969472940838 10032.022662023062,12980.969472940838 
PLINE 10032.022662023062,12980.969472940838 10254.25708101466,12980.969472940838 
PLINE 10032.022662023062,15027.287344127335 10130.00874689068,15027.287344127335 
PLINE 10130.00874689068,15027.287344127335 11079.25708101466,15027.287344127335 
PLINE 11079.25708101466,15027.287344127335 12279.25708101465,15027.287344127335 
PLINE 12279.25708101465,15027.287344127335 13206.6375650739,15027.287344127335 
PLINE 13206.6375650739,15027.287344127335 13354.335425891406,15027.287344127335 
PLINE 92429.25708101466,23234.0025201744 92529.25191205414,23234.0025201744 
PLINE 92529.25191205414,23234.0025201744 92629.25708101469,23234.0025201744 
PLINE 92304.25708101469,17163.836605807963 92427.90183303312,17163.836605807963 
PLINE 92427.90183303312,17163.836605807963 99239.25708101469,17163.836605807963 
PLINE 99239.25708101469,17163.836605807963 99354.25708101466,17163.836605807963 
PLINE 99154.25708101469,16063.661780633143 99239.25708101469,16063.661780633143 
PLINE 99239.25708101469,16063.661780633143 99354.25708101469,16063.661780633143 
PLINE 99154.25708101469,13663.661780633143 99239.25708101469,13663.661780633143 
PLINE 99239.25708101469,13663.661780633143 99354.25708101469,13663.661780633143 
PLINE 92304.25708101469,15338.66178063314 92427.90183303312,15338.66178063314 
PLINE 92427.90183303312,15338.66178063314 92504.25708101469,15338.66178063314 
PLINE 85914.50829995539,13881.403716117009 86029.25708101469,13881.403716117009 
PLINE 86029.25708101469,13881.403716117009 89136.27599880254,13881.403716117009 
PLINE 89136.27599880254,13881.403716117009 89229.25708101469,13881.403716117009 
PLINE 85914.50829995539,16288.661780633141 86029.25708101469,16288.661780633141 
PLINE 86029.25708101469,16288.661780633141 89029.25708101466,16288.661780633141 
PLINE 89029.25708101466,16288.661780633141 89140.32889492494,16288.661780633141 
PLINE 89029.25708101466,18086.84612498166 89143.50583696572,18086.84612498166 
PLINE 89143.50583696572,18086.84612498166 89229.25708101469,18086.84612498166 
PLINE 89029.25708101466,15788.661780633152 89140.32889492494,15788.661780633152 
PLINE 89140.32889492494,15788.661780633152 89229.25708101469,15788.661780633152 
PLINE 89029.25708101466,14588.66178063314 89136.27599880254,14588.66178063314 
PLINE 89136.27599880254,14588.66178063314 89229.25708101469,14588.66178063314 
PLINE 89029.25708101466,16791.85615158818 89140.32889492494,16791.85615158818 
PLINE 89140.32889492494,16791.85615158818 89229.25708101469,16791.85615158818 
PLINE 73929.25708101467,28368.09768438631 73973.2823239596,28368.09768438631 
PLINE 73973.2823239596,28368.09768438631 76024.31574528286,28368.09768438631 
PLINE 76024.31574528286,28368.09768438631 78089.85929549017,28368.09768438631 
PLINE 78089.85929549017,28368.09768438631 78133.97378636607,28368.09768438631 
PLINE 72704.11614104376,23065.05113252009 72829.25708101467,23065.05113252009 
PLINE 72829.25708101467,23065.05113252009 73426.14874554395,23065.05113252009 
PLINE 73426.14874554395,23065.05113252009 74637.68294712693,23065.05113252009 
PLINE 74637.68294712693,23065.05113252009 76024.31574528286,23065.05113252009 
PLINE 76024.31574528286,23065.05113252009 77420.02974936567,23065.05113252009 
PLINE 77420.02974936567,23065.05113252009 78530.34374999527,23065.05113252009 
PLINE 78530.34374999527,23065.05113252009 79229.48403850097,23065.05113252009 
PLINE 79229.48403850097,23065.05113252009 79343.32779275559,23065.05113252009 
PLINE 16531.12788805845,23216.20115092073 16643.20458112976,23216.20115092073 
PLINE 16643.20458112976,23216.20115092073 16731.12788805849,23216.20115092073 
PLINE 29721.82552099809,23227.9962060228 29827.83133933699,23227.9962060228 
PLINE 29827.83133933699,23227.9962060228 29921.82552099813,23227.9962060228 
PLINE 42927.95279424844,23221.70636255648 43021.03831395002,23221.70636255648 
PLINE 43021.03831395002,23221.70636255648 43127.95279424848,23221.70636255648 
PLINE 62717.21877437812,23238.08357727504 62817.374784524014,23238.08357727504 
PLINE 62817.374784524014,23238.08357727504 62917.21877437815,23238.08357727504 
PLINE 62713.81479327523,21656.63023320491 62817.374784524014,21656.63023320491 
PLINE 62817.374784524014,21656.63023320491 62913.81479327526,21656.63023320491 
PLINE 9929.25708101466,14388.66178063314 10032.022662023062,14388.66178063314 
PLINE 10032.022662023062,14388.66178063314 10129.25708101466,14388.66178063314 
PLINE 39706.285560413016,12710.756836614404 39854.794032200065,12547.800942136892 
PLINE 39854.794032200065,12547.800942136892 39954.25708101465,12438.66178063315 
PLINE 39954.25708101465,12438.66178063315 41230.13874445796,11038.65789390548 
PLINE 41230.13874445796,11038.65789390548 41321.27011727145,10938.66094293638 
PLINE 39653.5916932677,12547.800942136892 39706.285560413016,12490.671430143302 
PLINE 39706.285560413016,12490.671430143302 39754.25708101467,12438.66178063315 
PLINE 39754.25708101467,12438.66178063315 41137.79497765087,10938.66094293638 
PLINE 41137.79497765087,10938.66094293638 41230.02727749309,10838.66474669022 
PLINE 5216.907302393541,12602.286163957895 5404.884240070664,12438.66178063315 
PLINE 5404.884240070664,12438.66178063315 5401.947688444154,12441.21789977695 
PLINE 5401.947688444154,12441.21789977695 7805.622939051394,10348.940594626314 
PLINE 7805.622939051394,10348.940594626314 10032.022662023062,8410.972638518071 
PLINE 10032.022662023062,8410.972638518071 10290.087024001214,8186.340709683818 
PLINE 92333.58839790546,12545.7767265753 92427.90183303312,12463.503304442653 
PLINE 92427.90183303312,12463.503304442653 92456.37870179035,12438.66178063315 
PLINE 92456.37870179035,12438.66178063315 95829.25708101466,9496.363620033284 
PLINE 95829.25708101466,9496.363620033284 95981.37870179041,9363.661780633156 
PLINE 8753.310085142628,11376.52964851619 8788.829539257636,11341.339189875085 
PLINE 8788.829539257636,11341.339189875085 8824.348993372645,11306.14873123398 
PLINE 7836.374960297791,10666.14056621602 7979.448990512076,10524.391745229896 
PLINE 7979.448990512076,10524.391745229896 8122.523020726385,10382.64292424375 
PLINE 102239.63317714728,27182.16828873031 102328.9086590095,27088.66178063315 
PLINE 102328.9086590095,27088.66178063315 102886.03513799924,26505.13144809226 
PLINE 102886.03513799924,26505.13144809226 103678.61759315539,25674.986191916338 
PLINE 103678.61759315539,25674.986191916338 103749.16444034733,25601.09592327165 
PLINE 77987.23654225396,28463.66178063315 78089.85929549017,28368.09768438631 
PLINE 78089.85929549017,28368.09768438631 79250.99432512604,27286.82850938879 
PLINE 79250.99432512604,27286.82850938879 79343.32779275559,27200.845975212913 
PLINE 79343.32779275559,27200.845975212913 79363.38507039653,27182.16828873031 
PLINE 48148.00975571865,10938.66094293638 48229.25708101466,11038.65789390548 
PLINE 48229.25708101466,11038.65789390548 49453.78815792212,12545.7767265753 
PLINE 49453.78815792212,12545.7767265753 49529.25708101465,12638.66178063314 
PLINE 49529.25708101465,12638.66178063314 49647.861732177436,12784.637090513483 
PLINE 48229.25708101466,10838.66474669022 48312.58738186558,10938.66094293638 
PLINE 48312.58738186558,10938.66094293638 49562.59013971262,12438.66178063315 
PLINE 49562.59013971262,12438.66178063315 49647.861732177436,12540.987522977324 
PLINE 49647.861732177436,12540.987522977324 49651.85274175218,12545.7767265753 
PLINE 98849.35975562509,20964.121091675646 98891.53518198279,21005.26255705201 
PLINE 98891.53518198279,21005.26255705201 99239.25708101469,21344.459803057092 
PLINE 99239.25708101469,21344.459803057092 103678.61759315539,25674.986191916338 
PLINE 103678.61759315539,25674.986191916338 105223.67795866069,27182.16828873031 
PLINE 105223.67795866069,27182.16828873031 105332.84782862608,27288.66178063315 
PLINE 95677.13546023893,9363.661780633156 95829.25708101466,9496.363620033284 
PLINE 95829.25708101466,9496.363620033284 99202.13546023885,12438.66178063315 
PLINE 99202.13546023885,12438.66178063315 99202.13546023885,12438.66178063315 
PLINE 99202.13546023885,12438.66178063315 99239.25708101469,12471.044471097179 
PLINE 7805.622939051394,10348.940594626314 7839.013104133077,10382.64292424375 
PLINE 7839.013104133077,10382.64292424375 7979.448990512076,10524.391745229896 
PLINE 7979.448990512076,10524.391745229896 8788.829539257636,11341.339189875085 
PLINE 8788.829539257636,11341.339189875085 9875.988286714648,12438.66178063315 
PLINE 9875.988286714648,12438.66178063315 9875.988286714648,12438.66178063315 
PLINE 9875.988286714648,12438.66178063315 10032.022662023062,12596.154920766778 
PLINE 102849.8710832729,26470.60376143725 102886.03513799924,26505.13144809226 
PLINE 102886.03513799924,26505.13144809226 102922.1991927256,26539.65913474734 
PLINE 72694.59231295745,27181.776917551386 72704.11614104376,27190.612769041065 
PLINE 72704.11614104376,27190.612769041065 72807.22693526634,27286.27510738624 
PLINE 72807.22693526634,27286.27510738624 73973.2823239596,28368.09768438631 
PLINE 73973.2823239596,28368.09768438631 74076.28722676283,28463.66178063315 
