
PLINE 19704.25708101467,20956.02833139892 20154.25708101467,20956.02833139892 20154.25708101467,20956.02833139892 24504.25708101465,20956.02833139892 24504.25708101465,20956.02833139892 26522.813782045592,20956.02833139892 26522.813782045592,20956.02833139892 26522.813782045592,27181.776917551386 26522.813782045592,27181.776917551386 23604.25708101467,27181.776917551386 23604.25708101467,27181.776917551386 22854.257081014643,27181.776917551386 
 22854.257081014643,27181.776917551386 20295.433551602895,27181.776917551386 20295.433551602895,27181.776917551386 19563.080610426437,27181.776917551386 19563.080610426437,27181.776917551386 16643.20458112976,27181.776917551386 16643.20458112976,27181.776917551386 16643.20458112976,23216.20115092073 16643.20458112976,23216.20115092073 16643.20458112976,20956.02833139892 16643.20458112976,20956.02833139892 19704.25708101467,20956.02833139892 
 

PLINE 32904.25708101465,20956.02833139892 33354.25708101465,20956.02833139892 33354.25708101465,20956.02833139892 39725.71430300168,20956.02833139892 39725.71430300168,20956.02833139892 39725.71430300168,27181.776917551386 39725.71430300168,27181.776917551386 36834.06911783972,27181.776917551386 36834.06911783972,27181.776917551386 36054.25708101467,27181.776917551386 36054.25708101467,27181.776917551386 33495.43355160289,27181.776917551386 
 33495.43355160289,27181.776917551386 32763.080610426427,27181.776917551386 32763.080610426427,27181.776917551386 29827.83133933699,27181.776917551386 29827.83133933699,27181.776917551386 29827.83133933699,23227.9962060228 29827.83133933699,23227.9962060228 29827.83133933699,20956.02833139892 29827.83133933699,20956.02833139892 32904.25708101465,20956.02833139892 

PLINE 46104.25708101465,20956.02833139892 46554.25708101465,20956.02833139892 46554.25708101465,20956.02833139892 52929.616088889146,20956.02833139892 52929.616088889146,20956.02833139892 52929.616088889146,27181.776917551386 52929.616088889146,27181.776917551386 50004.25708101466,27181.776917551386 50004.25708101466,27181.776917551386 49254.25708101466,27181.776917551386 49254.25708101466,27181.776917551386 46695.43355160289,27181.776917551386 
 46695.43355160289,27181.776917551386 46011.94938870696,27181.776917551386 46011.94938870696,27181.776917551386 43021.03831395002,27181.776917551386 43021.03831395002,27181.776917551386 43021.03831395002,23221.70636255648 43021.03831395002,23221.70636255648 43021.03831395002,20956.02833139892 43021.03831395002,20956.02833139892 46104.25708101465,20956.02833139892 

PLINE 65904.25708101464,18721.315783650225 66354.25708101464,18721.315783650225 66354.25708101464,18721.315783650225 70709.67794021066,18721.315783650225 70709.67794021066,18721.315783650225 72729.1038624017,18721.315783650225 72729.1038624017,18721.315783650225 72729.1038624017,12545.7767265753 72729.1038624017,12545.7767265753 69879.25708101464,12545.7767265753 69879.25708101464,12545.7767265753 68979.25708101464,12545.7767265753 
 68979.25708101464,12545.7767265753 66460.13943395582,12545.7767265753 66460.13943395582,12545.7767265753 65798.37472807347,12545.7767265753 65798.37472807347,12545.7767265753 62821.72470531121,12545.7767265753 62821.72470531121,12545.7767265753 62821.72470531121,18721.315783650225 62821.72470531121,18721.315783650225 65904.25708101464,18721.315783650225 

PLINE 10404.25708101466,27181.776917551386 13313.928613861372,27181.776917551386 13313.928613861372,27181.776917551386 13313.928613861372,20956.02833139892 13313.928613861372,20956.02833139892 11304.2570810144,20956.02833139892 11304.2570810144,20956.02833139892 10032.022662023062,20956.02833139892 10032.022662023062,20956.02833139892 5940.7232464282015,20956.02833139892 5940.7232464282015,20956.02833139892 5940.7232464282015,27181.776917551386 
 5940.7232464282015,27181.776917551386 8954.257081014668,27181.776917551386 8954.257081014668,27181.776917551386 10404.25708101466,27181.776917551386 

PLINE 13313.928613861372,27181.776917551386 16643.20458112976,27181.776917551386 16643.20458112976,27181.776917551386 16643.20458112976,23216.20115092073 16643.20458112976,23216.20115092073 16643.20458112976,20956.02833139892 16643.20458112976,20956.02833139892 15354.25708101465,20956.02833139892 15354.25708101465,20956.02833139892 13313.928613861372,20956.02833139892 13313.928613861372,20956.02833139892 13313.928613861372,27181.776917551386 
 

PLINE 26522.813782045592,27181.776917551386 29827.83133933699,27181.776917551386 29827.83133933699,27181.776917551386 29827.83133933699,23227.9962060228 29827.83133933699,23227.9962060228 29827.83133933699,20956.02833139892 29827.83133933699,20956.02833139892 28554.25708101467,20956.02833139892 28554.25708101467,20956.02833139892 26522.813782045592,20956.02833139892 26522.813782045592,20956.02833139892 26522.813782045592,27181.776917551386 
 

PLINE 39725.71430300168,27181.776917551386 43021.03831395002,27181.776917551386 43021.03831395002,27181.776917551386 43021.03831395002,23221.70636255648 43021.03831395002,23221.70636255648 43021.03831395002,20956.02833139892 43021.03831395002,20956.02833139892 41747.62623377167,20956.02833139892 41747.62623377167,20956.02833139892 39725.71430300168,20956.02833139892 39725.71430300168,20956.02833139892 39725.71430300168,27181.776917551386 
 

PLINE 56604.25708101466,27181.776917551386 59529.41811764759,27181.776917551386 59529.41811764759,27181.776917551386 59529.41811764759,20956.02833139892 59529.41811764759,20956.02833139892 57513.869017279685,20956.02833139892 57513.869017279685,20956.02833139892 52929.616088889146,20956.02833139892 52929.616088889146,20956.02833139892 52929.616088889146,27181.776917551386 52929.616088889146,27181.776917551386 55854.257081014664,27181.776917551386 
 55854.257081014664,27181.776917551386 56604.25708101466,27181.776917551386 

PLINE 59529.41811764759,27181.776917551386 62817.374784524014,27181.776917551386 62817.374784524014,27181.776917551386 62817.374784524014,23238.08357727504 62817.374784524014,23238.08357727504 62817.374784524014,21656.63023320491 62817.374784524014,21656.63023320491 62817.374784524014,21303.21658911581 62817.374784524014,20956.02833139892 61556.11206295274,20956.02833139892 61556.11206295274,20956.02833139892 59529.41811764759,20956.02833139892 
 59529.41811764759,20956.02833139892 59529.41811764759,27181.776917551386 

PLINE 69804.25708101466,27181.776917551386 72694.59231295745,27181.776917551386 72704.11614104376,27181.776917551386 72704.11614104376,23065.05113252009 72704.11614104376,23065.05113252009 72704.11614104376,20956.02833139892 72704.11614104376,20956.02833139892 70707.38457294942,20956.02833139892 70707.38457294942,20956.02833139892 66129.25708101464,20956.02833139892 66129.25708101464,20956.02833139892 62817.374784524014,20956.02833139892 
 62817.374784524014,21303.21658911581 62817.374784524014,21656.63023320491 62817.374784524014,21656.63023320491 62817.374784524014,23238.08357727504 62817.374784524014,23238.08357727504 62817.374784524014,27181.776917551386 62817.374784524014,27181.776917551386 65763.08061042642,27181.776917551386 65763.08061042642,27181.776917551386 66495.4335516029,27181.776917551386 66495.4335516029,27181.776917551386 69054.25708101464,27181.776917551386 
 69054.25708101464,27181.776917551386 69804.25708101466,27181.776917551386 

PLINE 56679.25708101465,12545.7767265753 59529.253248727604,12545.7767265753 59529.253248727604,12545.7767265753 59529.253248727604,18721.315783650225 59529.253248727604,18721.315783650225 57504.25708101461,18721.315783650225 57504.25708101461,18721.315783650225 52920.08774726944,18721.315783650225 52920.08774726944,18721.315783650225 52920.08774726944,12545.7767265753 52920.08774726944,12545.7767265753 55779.257081014664,12545.7767265753 
 55779.257081014664,12545.7767265753 56679.25708101465,12545.7767265753 

PLINE 59529.253248727604,12545.7767265753 62821.72470531121,12545.7767265753 62821.72470531121,12545.7767265753 62821.72470531121,18721.315783650225 62821.72470531121,18721.315783650225 61554.25708101466,18721.315783650225 61554.25708101466,18721.315783650225 59529.253248727604,18721.315783650225 59529.253248727604,18721.315783650225 59529.253248727604,12545.7767265753 

PLINE 72729.1038624017,12545.7767265753 76037.62871919975,12545.7767265753 76037.62871919975,12545.7767265753 76037.62871919975,18721.315783650225 76037.62871919975,18721.315783650225 74738.03430960407,18721.315783650225 74738.03430960407,18721.315783650225 72729.1038624017,18721.315783650225 72729.1038624017,18721.315783650225 72729.1038624017,12545.7767265753 

PLINE 83079.25708101469,12545.7767265753 85914.50829995539,12545.7767265753 85914.50829995539,12545.7767265753 85914.50829995539,13881.403716117009 85914.50829995539,13881.403716117009 85914.50829995539,16288.661780633141 85914.50829995539,16288.661780633141 85914.50829995539,18721.315783650225 85914.50829995539,18721.315783650225 81843.5427953004,18721.315783650225 81843.5427953004,18721.315783650225 81014.97136672898,18721.315783650225 
 81014.97136672898,18721.315783650225 79318.14596990356,18721.315783650225 79318.14596990356,18721.315783650225 76037.62871919975,18721.315783650225 76037.62871919975,18721.315783650225 76037.62871919975,12545.7767265753 76037.62871919975,12545.7767265753 78998.3747280735,12545.7767265753 78998.3747280735,12545.7767265753 79660.13943395585,12545.7767265753 79660.13943395585,12545.7767265753 82179.25708101467,12545.7767265753 
 82179.25708101467,12545.7767265753 83079.25708101469,12545.7767265753 

PLINE 89904.25708101364,12545.7767265753 92333.58839790546,12545.7767265753 92427.90183303312,12545.7767265753 92427.90183303312,15338.66178063314 92427.90183303312,15338.66178063314 92427.90183303312,17163.836605807963 92427.90183303312,17163.836605807963 99239.25708101469,17163.836605807963 99239.25708101469,17163.836605807963 99239.25708101469,20964.121091675646 98849.35975562509,20964.121091675646 92529.25191205414,20964.121091675646 
 92529.25191205414,20964.121091675646 92529.25191205414,23234.0025201744 92529.25191205414,23234.0025201744 92529.25191205414,27182.16828873031 92529.25191205414,27182.16828873031 89604.25708101466,27182.16828873031 89604.25708101466,27182.16828873031 88854.25708101466,27182.16828873031 88854.25708101466,27182.16828873031 85914.50829995539,27182.16828873031 85914.50829995539,27182.16828873031 85914.50829995539,20948.955589345373 
 85914.50829995539,20948.955589345373 85914.50829995539,18721.315783650225 85914.50829995539,18721.315783650225 85914.50829995539,16288.661780633141 85914.50829995539,16288.661780633141 85914.50829995539,13881.403716117009 86029.25708101469,13881.403716117009 89136.27599880254,13881.403716117009 89136.27599880254,13881.403716117009 89136.27599880254,12638.66178063315 89136.27599880254,12545.7767265753 89904.25708101364,12545.7767265753 
 

PLINE 15354.25708101465,18772.93393332747 16616.4357276849,18772.93393332747 16616.4357276849,18772.93393332747 16616.4357276849,12547.800942136892 16616.4357276849,12547.800942136892 13354.335425891406,12547.800942136892 13354.335425891406,12547.800942136892 13354.335425891406,15027.287344127335 13354.335425891406,15027.287344127335 13354.335425891406,18772.93393332747 13354.335425891406,18772.93393332747 15354.25708101465,18772.93393332747 
 

PLINE 19704.25708101467,18772.93393332747 20154.25708101467,18772.93393332747 20154.25708101467,18772.93393332747 24504.25708101465,18772.93393332747 24504.25708101465,18772.93393332747 26529.25708101466,18772.93393332747 26529.25708101466,18772.93393332747 26529.25708101466,12547.800942136892 26529.25708101466,12547.800942136892 23679.25708101467,12547.800942136892 23679.25708101467,12547.800942136892 22779.257081014668,12547.800942136892 
 22779.257081014668,12547.800942136892 20260.139433955846,12547.800942136892 20260.139433955846,12547.800942136892 19598.374728073497,12547.800942136892 19598.374728073497,12547.800942136892 16616.4357276849,12547.800942136892 16616.4357276849,12547.800942136892 16616.4357276849,18772.93393332747 16616.4357276849,18772.93393332747 19704.25708101467,18772.93393332747 

PLINE 28554.25708101467,18772.93393332747 29811.08916672315,18772.93393332747 29811.08916672315,18772.93393332747 29811.08916672315,12547.800942136892 29811.08916672315,12547.800942136892 26529.25708101466,12547.800942136892 26529.25708101466,12547.800942136892 26529.25708101466,18772.93393332747 26529.25708101466,18772.93393332747 28554.25708101467,18772.93393332747 

PLINE 13206.6375650739,15027.287344127335 13354.335425891406,15027.287344127335 13354.335425891406,15027.287344127335 13354.335425891406,18772.93393332747 13354.335425891406,18772.93393332747 11954.25708101466,18772.93393332747 11954.25708101466,18772.93393332747 10754.25708101466,18772.93393332747 10754.25708101466,18772.93393332747 10032.022662023062,18772.93393332747 10032.022662023062,18772.93393332747 10032.022662023062,15027.287344127335 
 10130.00874689068,15027.287344127335 11079.25708101466,15027.287344127335 11079.25708101466,15027.287344127335 12279.25708101465,15027.287344127335 12279.25708101465,15027.287344127335 13206.6375650739,15027.287344127335 

PLINE 85914.50829995539,13881.403716117009 86029.25708101469,13881.403716117009 86029.25708101469,13881.403716117009 89136.27599880254,13881.403716117009 89136.27599880254,13881.403716117009 89136.27599880254,12638.66178063315 89136.27599880254,12545.7767265753 85914.50829995539,12545.7767265753 85914.50829995539,12545.7767265753 85914.50829995539,13881.403716117009 

PLINE 72704.11614104376,23065.05113252009 72829.25708101467,23065.05113252009 72829.25708101467,23065.05113252009 73426.14874554395,23065.05113252009 73426.14874554395,23065.05113252009 74637.68294712693,23065.05113252009 74637.68294712693,23065.05113252009 74637.68294712693,20956.02833139892 74637.68294712693,20956.02833139892 72704.11614104376,20956.02833139892 72704.11614104376,20956.02833139892 72704.11614104376,23065.05113252009 
 

PLINE 79229.48403850097,23065.05113252009 79343.32779275559,23065.05113252009 79343.32779275559,23065.05113252009 79343.32779275559,20948.955589345373 79343.32779275559,20948.955589345373 77420.02974936567,20948.955589345373 77420.02974936567,20948.955589345373 77420.02974936567,23065.05113252009 77420.02974936567,23065.05113252009 78530.34374999527,23065.05113252009 78530.34374999527,23065.05113252009 79229.48403850097,23065.05113252009 
 

PLINE 39706.285560413016,12710.756836614404 39854.794032200065,12547.800942136892 39706.285560413016,12547.800942136892 39653.5916932677,12547.800942136892 39653.5916932677,12547.800942136892 36879.25708101465,12547.800942136892 36879.25708101465,12547.800942136892 35979.25708101465,12547.800942136892 35979.25708101465,12547.800942136892 33460.139433955825,12547.800942136892 33460.139433955825,12547.800942136892 32798.374728073475,12547.800942136892 
 32798.374728073475,12547.800942136892 29811.08916672315,12547.800942136892 29811.08916672315,12547.800942136892 29811.08916672315,18772.93393332747 29811.08916672315,18772.93393332747 32904.25708101465,18772.93393332747 33354.25708101465,18772.93393332747 37704.25708101467,18772.93393332747 37704.25708101467,18772.93393332747 39706.285560413016,18772.93393332747 39706.285560413016,18772.93393332747 39706.285560413016,12710.756836614404 
 

PLINE 41230.13874445796,11038.65789390548 41321.27011727145,10938.66094293638 41229.25708101465,10938.66094293638 41137.79497765087,10938.66094293638 41137.79497765087,10938.66094293638 39754.25708101467,12438.66178063315 39854.794032200065,12547.800942136892 39954.25708101465,12547.800942136892 39954.25708101465,12438.66178063315 41230.13874445796,11038.65789390548 

PLINE 102239.63317714728,27182.16828873031 102328.9086590095,27088.66178063315 102328.9086590095,27088.66178063315 102886.03513799924,26505.13144809226 102886.03513799924,26505.13144809226 103678.61759315539,25674.986191916338 103678.61759315539,25674.986191916338 105223.67795866069,27182.16828873031 105223.67795866069,27182.16828873031 102239.63317714728,27182.16828873031 

PLINE 79250.99432512604,27286.82850938879 79343.32779275559,27200.845975212913 79343.32779275559,27182.16828873031 79343.32779275559,23065.05113252009 79229.48403850097,23065.05113252009 78530.34374999527,23065.05113252009 78530.34374999527,23065.05113252009 77420.02974936567,23065.05113252009 77420.02974936567,23065.05113252009 76024.31574528286,23065.05113252009 76024.31574528286,23065.05113252009 76024.31574528286,28263.66178063315 
 76024.31574528286,28368.09768438631 78089.85929549017,28368.09768438631 78089.85929549017,28368.09768438631 79250.99432512604,27286.82850938879 

PLINE 79343.32779275559,27200.845975212913 79363.38507039653,27182.16828873031 79363.38507039653,27182.16828873031 82254.25708101466,27182.16828873031 82254.25708101466,27182.16828873031 83004.25708101467,27182.16828873031 83004.25708101467,27182.16828873031 85914.50829995539,27182.16828873031 85914.50829995539,27182.16828873031 85914.50829995539,20948.955589345373 85914.50829995539,20948.955589345373 83899.29636337845,20948.955589345373 
 83899.29636337845,20948.955589345373 79343.32779275559,20948.955589345373 79343.32779275559,20948.955589345373 79343.32779275559,23065.05113252009 79343.32779275559,23065.05113252009 79343.32779275559,27182.16828873031 

PLINE 49529.25708101465,12638.66178063314 49647.861732177436,12784.637090513483 49647.861732177436,12784.637090513483 49647.861732177436,18721.315783650225 49647.861732177436,18721.315783650225 51529.25708101466,18721.315783650225 51529.25708101466,18721.315783650225 52920.08774726944,18721.315783650225 52920.08774726944,18721.315783650225 52920.08774726944,12545.7767265753 52920.08774726944,12545.7767265753 49647.861732177436,12545.7767265753 
 

PLINE 49562.59013971262,12438.66178063315 49647.861732177436,12540.987522977324 49647.861732177436,12540.987522977324 49647.861732177436,12545.7767265753 49453.78815792212,12545.7767265753 48229.25708101466,11038.65789390548 48312.58738186558,10938.66094293638 49562.59013971262,12438.66178063315 

PLINE 98891.53518198279,21005.26255705201 99239.25708101469,21344.459803057092 99239.25708101469,21344.459803057092 103678.61759315539,25674.986191916338 103678.61759315539,25674.986191916338 102886.03513799924,26505.13144809226 102886.03513799924,26505.13144809226 102328.9086590095,27088.66178063315 102239.63317714728,27182.16828873031 99354.25708101466,27182.16828873031 99354.25708101466,27182.16828873031 98789.5423540527,27182.16828873031 
 98789.5423540527,27182.16828873031 96203.50630883127,27182.16828873031 96203.50630883127,27182.16828873031 95454.25708101469,27182.16828873031 95454.25708101469,27182.16828873031 92529.25191205414,27182.16828873031 92529.25191205414,27182.16828873031 92529.25191205414,23234.0025201744 92529.25191205414,23234.0025201744 92529.25191205414,20964.121091675646 92529.25191205414,20964.121091675646 98849.35975562509,20964.121091675646 
 

PLINE 99202.13546023885,12438.66178063315 99239.25708101469,12471.044471097179 99239.25708101469,12888.66178063315 99239.25708101469,13663.661780633143 99239.25708101469,13663.661780633143 99239.25708101469,16063.661780633143 99239.25708101469,16063.661780633143 99239.25708101469,17163.836605807963 99239.25708101469,17163.836605807963 92427.90183303312,17163.836605807963 92427.90183303312,17163.836605807963 92427.90183303312,15338.66178063314 
 92427.90183303312,15338.66178063314 92427.90183303312,12545.7767265753 92456.37870179035,12438.66178063315 95829.25708101466,9496.363620033284 95829.25708101466,9496.363620033284 99202.13546023885,12438.66178063315 

PLINE 7839.013104133077,10382.64292424375 7979.448990512076,10524.391745229896 7979.448990512076,10524.391745229896 8788.829539257636,11341.339189875085 8788.829539257636,11341.339189875085 9875.988286714648,12438.66178063315 10032.022662023062,12596.154920766778 10032.022662023062,12980.969472940838 10032.022662023062,12980.969472940838 10032.022662023062,14388.66178063314 10032.022662023062,14388.66178063314 10032.022662023062,15027.287344127335 
 10032.022662023062,15027.287344127335 10032.022662023062,18772.93393332747 10032.022662023062,18772.93393332747 10032.022662023062,20838.66178063309 10032.022662023062,20956.02833139892 5940.7232464282015,20956.02833139892 5940.7232464282015,20956.02833139892 5216.907302393541,20956.02833139892 5216.907302393541,20956.02833139892 5216.907302393541,18774.63739038924 5216.907302393541,18774.63739038924 5216.907302393541,12888.66178063315 
 5401.947688444154,12441.21789977695 7805.622939051394,10348.940594626314 

PLINE 9875.988286714648,12438.66178063315 10032.022662023062,12596.154920766778 10032.022662023062,12980.969472940838 9804.25708101466,12980.969472940838 9875.988286714648,12438.66178063315 8788.829539257636,11341.339189875085 8788.829539257636,11341.339189875085 7979.448990512076,10524.391745229896 7805.622939051394,10348.940594626314 10032.022662023062,8410.972638518071 10032.022662023062,8410.972638518071 10032.022662023062,12438.66178063315 
 

PLINE 72704.11614104376,27190.612769041065 72807.22693526634,27286.27510738624 72807.22693526634,27286.27510738624 73973.2823239596,28368.09768438631 73973.2823239596,28368.09768438631 76024.31574528286,28368.09768438631 76024.31574528286,28263.66178063315 76024.31574528286,23065.05113252009 76024.31574528286,23065.05113252009 74637.68294712693,23065.05113252009 74637.68294712693,23065.05113252009 73426.14874554395,23065.05113252009 
 73426.14874554395,23065.05113252009 72829.25708101467,23065.05113252009 72704.11614104376,23065.05113252009 72704.11614104376,27181.776917551386 
