PLINE 26645.137292174873,12916.976113462508 26645.137292174873,13025.381118811314 
PLINE 26645.137292174873,13025.381118811314 26645.137292174873,19252.329520340976 
PLINE 26645.137292174873,19252.329520340976 26645.137292174873,21427.309002944225 
PLINE 26645.137292174873,21427.309002944225 26645.137292174873,21766.97611346252 
PLINE 26645.137292174873,21766.97611346252 26645.137292174873,21777.97148162019 
PLINE 33599.432919914,27316.97611346252 33599.432919914,27660.886156997105 
PLINE 33599.432919914,27660.886156997105 33599.432919914,27766.97611346252 
PLINE 33008.25644932576,27316.97611346252 33008.25644932576,27660.886156997105 
PLINE 33008.25644932576,27660.886156997105 33008.25644932576,27666.849792074314 
PLINE 33008.25644932576,27666.849792074314 33008.25644932576,27766.97611346252 
PLINE 33550.21542359508,21316.97611346252 33550.21542359508,21427.309002944225 
PLINE 33550.21542359508,21427.309002944225 33550.21542359508,21766.97611346252 
PLINE 33008.25644932576,21316.97611346252 33008.25644932576,21427.309002944225 
PLINE 33008.25644932576,21427.309002944225 33008.25644932576,21766.97611346252 
PLINE 33458.25644932576,18916.97611346251 33458.25644932576,19252.329520340976 
PLINE 33458.25644932576,19252.329520340976 33458.25644932576,19366.97611346251 
PLINE 32915.984116353044,18916.97611346251 32915.984116353044,19252.329520340976 
PLINE 32915.984116353044,19252.329520340976 32915.984116353044,19366.97611346251 
PLINE 33564.138802266934,12916.976113462508 33564.138802266934,13025.381118811314 
PLINE 33564.138802266934,13025.381118811314 33564.138802266934,13366.97611346251 
PLINE 32902.37409638459,12916.976113462508 32902.37409638459,13025.381118811314 
PLINE 32902.37409638459,13025.381118811314 32902.37409638459,13366.97611346251 
PLINE 99458.25644932583,27316.97611346252 99458.25644932583,27660.4826215597 
PLINE 99458.25644932583,27660.4826215597 99458.25644932583,27766.97611346252 
PLINE 98893.54172236387,27316.97611346252 98893.54172236387,27660.4826215597 
PLINE 98893.54172236387,27660.4826215597 98893.54172236387,27766.97611346252 
PLINE 92634.30197726694,21316.97611346252 92634.30197726694,21427.361141057132 
PLINE 92634.30197726694,21427.361141057132 92634.30197726694,22248.851439313865 
PLINE 92634.30197726694,22248.851439313865 92634.30197726694,23849.23755600281 
PLINE 92634.30197726694,23849.23755600281 92634.30197726694,27660.4826215597 
PLINE 92634.30197726694,27660.4826215597 92634.30197726694,27766.97611346252 
PLINE 86033.43918554687,21316.97611346252 86033.43918554687,21427.361141057132 
PLINE 86033.43918554687,21427.361141057132 86033.43918554687,27660.4826215597 
PLINE 86033.43918554687,27660.4826215597 86033.43918554687,27766.97611346252 
PLINE 39834.12694593789,21316.97611346252 39834.12694593789,21427.309002944225 
PLINE 39834.12694593789,21427.309002944225 39834.12694593789,27660.886156997105 
PLINE 39834.12694593789,27660.886156997105 39834.12694593789,27766.97611346252 
PLINE 59633.2564493258,21316.97611346246 59633.2564493258,21427.309002944225 
PLINE 59633.2564493258,21427.309002944225 59633.2564493258,27660.886156997105 
PLINE 59633.2564493258,27660.886156997105 59633.2564493258,27766.97611346252 
PLINE 39810.28492872415,12916.976113462508 39810.28492872415,12968.985762972683 
PLINE 39810.28492872415,12968.985762972683 39810.28492872415,13025.381118811314 
PLINE 39810.28492872415,13025.381118811314 39810.28492872415,13189.071169443741 
PLINE 39810.28492872415,13189.071169443741 39810.28492872415,16141.097447080869 
PLINE 39810.28492872415,16141.097447080869 39810.28492872415,19252.329520340976 
PLINE 39810.28492872415,19252.329520340976 39810.28492872415,19366.97611346251 
PLINE 46658.25644932581,18916.97611346251 46658.25644932581,19252.329520340976 
PLINE 46658.25644932581,19252.329520340976 46658.25644932581,19366.97611346251 
PLINE 46208.25644932581,18916.97611346251 46208.25644932581,19252.329520340976 
PLINE 46208.25644932581,19252.329520340976 46208.25644932581,19366.97611346251 
PLINE 46429.603584075376,21316.97611346246 46429.603584075376,21427.309002944225 
PLINE 46429.603584075376,21427.309002944225 46429.603584075376,22251.474398882347 
PLINE 46429.603584075376,22251.474398882347 46429.603584075376,23851.44246380347 
PLINE 46429.603584075376,23851.44246380347 46429.603584075376,27660.886156997105 
PLINE 46429.603584075376,27660.886156997105 46429.603584075376,27766.97611346252 
PLINE 53027.9558644725,21316.97611346252 53027.9558644725,21427.309002944225 
PLINE 53027.9558644725,21427.309002944225 53027.9558644725,22248.832050420828 
PLINE 53027.9558644725,22248.832050420828 53027.9558644725,23849.21816710978 
PLINE 53027.9558644725,23849.21816710978 53027.9558644725,27660.886156997105 
PLINE 53027.9558644725,27660.886156997105 53027.9558644725,27766.97611346252 
PLINE 53027.73267133857,12916.976113462508 53027.73267133857,13022.842152637077 
PLINE 53027.73267133857,13022.842152637077 53027.73267133857,19202.478661871093 
PLINE 53027.73267133857,19202.478661871093 53027.73267133857,19366.97611346251 
PLINE 46658.25644932581,12916.97611346251 46658.25644932581,12916.97611346251 
PLINE 46658.25644932581,12916.97611346251 46658.25644932581,13366.97611346251 
PLINE 46658.25644932581,13366.97611346251 46658.25644932581,13366.97611346251 
PLINE 46208.25644932581,12916.97611346251 46208.25644932581,12916.97611346251 
PLINE 46208.25644932581,12916.97611346251 46208.25644932581,13366.97611346251 
PLINE 46208.25644932581,13366.97611346251 46208.25644932581,13366.97611346251 
PLINE 59633.25261703874,12916.976113462508 59633.25261703874,13022.842152637077 
PLINE 59633.25261703874,13022.842152637077 59633.25261703874,19202.478661871093 
PLINE 59633.25261703874,19202.478661871093 59633.25261703874,19367.02447759505 
PLINE 79764.13880226699,12916.976113462508 79764.13880226699,13022.842152637077 
PLINE 79764.13880226699,13022.842152637077 79764.13880226699,13366.97611346251 
PLINE 79102.37409638464,12916.976113462508 79102.37409638464,13022.842152637077 
PLINE 79102.37409638464,13022.842152637077 79102.37409638464,13366.97611346251 
PLINE 73164.13880226699,12916.976113462508 73164.13880226699,13022.842152637077 
PLINE 73164.13880226699,13022.842152637077 73164.13880226699,13366.97611346251 
PLINE 72502.37409638464,12916.976113462508 72502.37409638464,13022.842152637077 
PLINE 72502.37409638464,13022.842152637077 72502.37409638464,13366.97611346251 
PLINE 66247.39065842143,12916.976113462508 66247.39065842143,13022.842152637077 
PLINE 66247.39065842143,13022.842152637077 66247.39065842143,19202.478661871093 
PLINE 66247.39065842143,19202.478661871093 66247.39065842143,19370.13245679934 
PLINE 66233.25644932575,21316.97611346252 66233.25644932575,21427.309002944225 
PLINE 66233.25644932575,21427.309002944225 66233.25644932575,27660.886156997105 
PLINE 66233.25644932575,27660.886156997105 66233.25644932575,27766.97611346252 
PLINE 73058.25644932581,18916.97611346251 73058.25644932581,19202.478661871093 
PLINE 73058.25644932581,19202.478661871093 73058.25644932581,19366.97611346251 
PLINE 72608.25644932581,18916.97611346251 72608.25644932581,19202.478661871093 
PLINE 72608.25644932581,19202.478661871093 72608.25644932581,19366.97611346251 
PLINE 72808.068479401,21316.97611346246 72808.068479401,21427.309002944225 
PLINE 72808.068479401,21427.309002944225 72808.068479401,23543.365465349467 
PLINE 72808.068479401,23543.365465349467 72808.068479401,27660.886156997105 
PLINE 72808.068479401,27660.886156997105 72808.068479401,27668.88346923809 
PLINE 72808.068479401,27668.88346923809 72808.068479401,27766.97611346252 
PLINE 79447.32716106676,21316.97611346252 79447.32716106676,21427.361141057132 
PLINE 79447.32716106676,21427.361141057132 79447.32716106676,23543.365465349467 
PLINE 79447.32716106676,23543.365465349467 79447.32716106676,27660.4826215597 
PLINE 79447.32716106676,27660.4826215597 79447.32716106676,27679.160308042294 
PLINE 79447.32716106676,27679.160308042294 79447.32716106676,27766.97611346252 
PLINE 79422.1453382147,18366.97611346251 79422.1453382147,19202.478661871093 
PLINE 79422.1453382147,19202.478661871093 79422.1453382147,19366.97611346251 
PLINE 99343.25644932578,12916.97611346251 99343.25644932578,12916.97611346251 
PLINE 99343.25644932578,12916.97611346251 99343.25644932578,12949.358803926545 
PLINE 99343.25644932578,12949.358803926545 99343.25644932578,13366.97611346251 
PLINE 99343.25644932578,13366.97611346251 99343.25644932578,14141.976113462508 
PLINE 99343.25644932578,14141.976113462508 99343.25644932578,16541.976113462508 
PLINE 99343.25644932578,16541.976113462508 99343.25644932578,17642.150938637336 
PLINE 99343.25644932578,17642.150938637336 99343.25644932578,21427.361141057132 
PLINE 99343.25644932578,21427.361141057132 99343.25644932578,21766.97611346252 
PLINE 99343.25644932578,21766.97611346252 99343.25644932578,21822.77413588886 
PLINE 86008.4472890205,12916.976113462508 86008.4472890205,13022.842152637077 
PLINE 86008.4472890205,13022.842152637077 86008.4472890205,14359.71804894638 
PLINE 86008.4472890205,14359.71804894638 86008.4472890205,16766.97611346251 
PLINE 86008.4472890205,16766.97611346251 86008.4472890205,19202.478661871093 
PLINE 86008.4472890205,19202.478661871093 86008.4472890205,19366.97611346251 
PLINE 44408.25644932582,21316.97611346246 44408.25644932582,21427.309002944225 
PLINE 44408.25644932582,21427.309002944225 44408.25644932582,21516.97611346246 
PLINE 61358.25644932576,21316.97611346246 61358.25644932576,21427.309002944225 
PLINE 61358.25644932576,21427.309002944225 61358.25644932576,21516.97611346248 
PLINE 37808.25644932576,19166.97611346251 37808.25644932576,19252.329520340976 
PLINE 37808.25644932576,19252.329520340976 37808.25644932576,19366.97611346251 
PLINE 57608.25644932575,19166.97611346251 57608.25644932575,19202.478661871093 
PLINE 57608.25644932575,19202.478661871093 57608.25644932575,19366.97611346251 
PLINE 61658.25644932581,19166.97611346251 61658.25644932581,19202.478661871093 
PLINE 61658.25644932581,19202.478661871093 61658.25644932581,19366.97611346251 
PLINE 83183.2564493258,12916.976113462508 83183.2564493258,13022.842152637077 
PLINE 83183.2564493258,13022.842152637077 83183.2564493258,13116.976113462511 
PLINE 76133.33592488852,12916.976113462508 76133.33592488852,13022.842152637077 
PLINE 76133.33592488852,13022.842152637077 76133.33592488852,19202.478661871093 
PLINE 76133.33592488852,19202.478661871093 76133.33592488852,19366.97611346251 
PLINE 69983.25644932575,12916.976113462508 69983.25644932575,13022.842152637077 
PLINE 69983.25644932575,13022.842152637077 69983.25644932575,13116.976113462511 
PLINE 62933.25644932575,12916.976113462508 62933.25644932575,13022.842152637077 
PLINE 62933.25644932575,13022.842152637077 62933.25644932575,19166.97611346251 
PLINE 62933.25644932575,19166.97611346251 62933.25644932575,19202.478661871093 
PLINE 56321.49737050638,12916.976113462508 56321.49737050638,13022.842152637077 
PLINE 56321.49737050638,13022.842152637077 56321.49737050638,17158.19936483339 
PLINE 56321.49737050638,17158.19936483339 56321.49737050638,18358.19936483339 
PLINE 56321.49737050638,18358.19936483339 56321.49737050638,19166.97611346251 
PLINE 56321.49737050638,19166.97611346251 56321.49737050638,19202.478661871093 
PLINE 49745.32219653831,12916.976113462508 49745.32219653831,13011.455183996237 
PLINE 49745.32219653831,13011.455183996237 49745.32219653831,13022.842152637077 
PLINE 49745.32219653831,13022.842152637077 49745.32219653831,13254.903522007917 
PLINE 49745.32219653831,13254.903522007917 49745.32219653831,16141.097447080869 
PLINE 49745.32219653831,16141.097447080869 49745.32219653831,19202.478661871093 
PLINE 49745.32219653831,19202.478661871093 49745.32219653831,19366.97611346251 
PLINE 36534.53833218915,12916.976113462508 36534.53833218915,13025.381118811314 
PLINE 36534.53833218915,13025.381118811314 36534.53833218915,17163.99683209262 
PLINE 36534.53833218915,17163.99683209262 36534.53833218915,18363.99683209262 
PLINE 36534.53833218915,18363.99683209262 36534.53833218915,19172.77358072174 
PLINE 36534.53833218915,19172.77358072174 36534.53833218915,19252.329520340976 
PLINE 29483.25644932577,12916.976113462508 29483.25644932577,13025.381118811314 
PLINE 29483.25644932577,13025.381118811314 29483.25644932577,13116.97611346251 
PLINE 30383.256449325767,12916.976113462508 30383.256449325767,13025.381118811314 
PLINE 30383.256449325767,13025.381118811314 30383.256449325767,13116.976113462511 
PLINE 36537.41201862717,21427.309002944225 36537.41201862717,21516.97611346246 
PLINE 36537.41201862717,21516.97611346246 36537.41201862717,22328.23958269003 
PLINE 36537.41201862717,22328.23958269003 36537.41201862717,23928.03580146897 
PLINE 36537.41201862717,23928.03580146897 36537.41201862717,27660.886156997105 
PLINE 36537.41201862717,27660.886156997105 36537.41201862717,27766.97611346252 
PLINE 42758.25644932582,27566.97611346252 42758.25644932582,27660.886156997105 
PLINE 42758.25644932582,27660.886156997105 42758.25644932582,27766.97611346252 
PLINE 49733.16919312417,21315.39544807589 49733.16919312417,21427.309002944225 
PLINE 49733.16919312417,21427.309002944225 49733.16919312417,27660.886156997105 
PLINE 49733.16919312417,27660.886156997105 49733.16919312417,27766.97611346252 
PLINE 55958.25644932578,27566.97611346252 55958.25644932578,27660.886156997105 
PLINE 55958.25644932578,27660.886156997105 55958.25644932578,27766.97611346252 
PLINE 62558.25644932575,27566.97611346252 62558.25644932575,27660.886156997105 
PLINE 62558.25644932575,27660.886156997105 62558.25644932575,27766.97611346252 
PLINE 69158.25644932575,27566.97611346252 69158.25644932575,27660.886156997105 
PLINE 69158.25644932575,27660.886156997105 69158.25644932575,27766.97611346252 
PLINE 96307.5056771424,27566.97611346252 96307.5056771424,27660.4826215597 
PLINE 96307.5056771424,27660.4826215597 96307.5056771424,27766.97611346252 
PLINE 95558.2564493258,27566.97611346252 95558.2564493258,27660.4826215597 
PLINE 95558.2564493258,27660.4826215597 95558.2564493258,27766.97611346252 
PLINE 51633.25644932581,19166.97611346251 51633.25644932581,19202.478661871093 
PLINE 51633.25644932581,19202.478661871093 51633.25644932581,19366.97611346251 
PLINE 71108.25644932581,21316.97611346246 71108.25644932581,21427.309002944225 
PLINE 71108.25644932581,21427.309002944225 71108.25644932581,21516.97611346248 
PLINE 69083.25644932575,12916.976113462508 69083.25644932575,13022.842152637077 
PLINE 69083.25644932575,13022.842152637077 69083.25644932575,13116.97611346251 
PLINE 69908.25644932577,27566.97611346252 69908.25644932577,27660.886156997105 
PLINE 69908.25644932577,27660.886156997105 69908.25644932577,27766.97611346252 
PLINE 57908.25644932581,21316.97611346246 57908.25644932581,21427.309002944225 
PLINE 57908.25644932581,21427.309002944225 57908.25644932581,21516.97611346246 
PLINE 56708.25644932578,27566.97611346252 56708.25644932578,27660.886156997105 
PLINE 56708.25644932578,27660.886156997105 56708.25644932578,27766.97611346252 
PLINE 63308.256449325796,27566.97611346252 63308.256449325796,27660.886156997105 
PLINE 63308.256449325796,27660.886156997105 63308.256449325796,27766.97611346252 
PLINE NaN,21316.97611346246 NaN,21316.97611346246 
PLINE 84308.2564493258,19166.97611346251 84308.2564493258,19202.478661871093 
PLINE 84308.2564493258,19202.478661871093 84308.2564493258,19366.97611346251 
PLINE 82283.25644932581,12916.976113462508 82283.25644932581,13022.842152637077 
PLINE 82283.25644932581,13022.842152637077 82283.25644932581,13116.97611346251 
PLINE 77733.25601745691,19166.97611346251 77733.25601745691,19202.478661871093 
PLINE 77733.25601745691,19202.478661871093 77733.25601745691,19366.97611346251 
PLINE 83108.2564493258,27566.97611346252 83108.2564493258,27660.4826215597 
PLINE 83108.2564493258,27660.4826215597 83108.2564493258,27766.97611346252 
PLINE 92531.90120134424,12916.9761134625 92531.90120134424,12941.81763727199 
PLINE 92531.90120134424,12941.81763727199 92531.90120134424,13022.842152637077 
PLINE 92531.90120134424,13022.842152637077 92531.90120134424,15816.976113462508 
PLINE 92531.90120134424,15816.976113462508 92531.90120134424,17642.150938637336 
PLINE 92531.90120134424,17642.150938637336 92531.90120134424,17766.97611346251 
PLINE 90008.25644932476,12916.97611346251 90008.25644932476,13022.842152637077 
PLINE 90008.25644932476,13022.842152637077 90008.25644932476,13116.976113462519 
PLINE 89240.27536711367,13022.842152637077 89240.27536711367,13116.97611346251 
PLINE 89240.27536711367,13116.97611346251 89240.27536711367,14359.71804894638 
PLINE 89240.27536711367,14359.71804894638 89240.27536711367,15066.9761134625 
PLINE 89240.27536711367,15066.9761134625 89240.27536711367,15066.9761134625 
PLINE 89319.01496948804,18565.16045781101 89319.01496948804,18565.16045781101 
PLINE 89319.01496948804,18565.16045781101 89319.01496948804,19202.478661871093 
PLINE 89319.01496948804,19202.478661871093 89319.01496948804,21427.361141057132 
PLINE 89319.01496948804,21427.361141057132 89319.01496948804,27660.4826215597 
PLINE 89319.01496948804,27660.4826215597 89319.01496948804,27766.97611346252 
PLINE 89244.32826323608,16266.97611346251 89244.32826323608,16266.97611346251 
PLINE 89244.32826323608,16266.97611346251 89244.32826323608,16766.97611346251 
PLINE 89244.32826323608,16766.97611346251 89244.32826323608,17270.17048441755 
PLINE 89244.32826323608,17270.17048441755 89244.32826323608,17270.17048441755 
PLINE 81118.9707350401,18566.97611346251 81118.9707350401,19202.478661871093 
PLINE 81118.9707350401,19202.478661871093 81118.9707350401,19366.97611346251 
PLINE 81947.54216361152,18366.97611346251 81947.54216361152,19166.97611346251 
PLINE 81947.54216361152,19166.97611346251 81947.54216361152,19202.478661871093 
PLINE 82358.25644932583,27566.97611346252 82358.25644932583,27660.4826215597 
PLINE 82358.25644932583,27660.4826215597 82358.25644932583,27766.97611346252 
PLINE 76128.31511359401,23441.97611346252 76128.31511359401,23543.365465349467 
PLINE 76128.31511359401,23543.365465349467 76128.31511359401,28741.97611346252 
PLINE 76128.31511359401,28741.97611346252 76128.31511359401,28846.412017215673 
PLINE 78634.34311830635,23438.9042860683 78634.34311830635,23543.365465349467 
PLINE 78634.34311830635,23543.365465349467 78634.34311830635,23638.90377097064 
PLINE 77524.02911767678,21318.90029166688 77524.02911767678,21427.361141057132 
PLINE 77524.02911767678,21427.361141057132 77524.02911767678,23543.365465349467 
PLINE 77524.02911767678,23543.365465349467 77524.02911767678,23641.97611346252 
PLINE 73530.14811385507,23441.97611346252 73530.14811385507,23543.365465349467 
PLINE 73530.14811385507,23543.365465349467 73530.14811385507,23641.97611346252 
PLINE 74741.68231543808,21316.97611346252 74741.68231543808,21427.309002944225 
PLINE 74741.68231543808,21427.309002944225 74741.68231543808,23543.365465349467 
PLINE 74741.68231543808,23543.365465349467 74741.68231543808,23641.97611346252 
PLINE 35257.12311570107,21321.5716634381 35257.12311570107,21427.309002944225 
PLINE 35257.12311570107,21427.309002944225 35257.12311570107,21521.5716634381 
PLINE 31208.37136716442,19163.39693958135 31208.37136716442,19252.329520340976 
PLINE 31208.37136716442,19252.329520340976 31208.37136716442,19363.39693958136 
PLINE 47823.562962790675,16034.37441020874 47823.562962790675,16141.097447080869 
PLINE 47823.562962790675,16141.097447080869 47823.562962790675,16234.37441020874 
PLINE 51331.09973440665,21316.37936465057 51331.09973440665,21427.309002944225 
PLINE 51331.09973440665,21427.309002944225 51331.09973440665,21516.3793646506 
PLINE 64218.32445480903,19165.12180179289 64218.32445480903,19202.478661871093 
PLINE 64218.32445480903,19202.478661871093 64218.32445480903,19365.12180179289 
PLINE 68263.21582254414,19170.13245679934 68263.21582254414,19202.478661871093 
PLINE 68263.21582254414,19202.478661871093 68263.21582254414,19370.13245679934 
PLINE 87760.75315558528,21322.71202569234 87760.75315558528,21427.361141057132 
PLINE 87760.75315558528,21427.361141057132 87760.75315558528,21522.71202569236 
PLINE 84318.62938944557,21318.80476825687 84318.62938944557,21427.361141057132 
PLINE 84318.62938944557,21427.361141057132 84318.62938944557,21518.80476825688 
PLINE 90933.57751742397,21320.52522209632 90933.57751742397,21427.361141057132 
PLINE 90933.57751742397,21427.361141057132 90933.57751742397,21520.52522209634 
PLINE 74538.5416285537,19166.08177724105 74538.5416285537,19202.478661871093 
PLINE 74538.5416285537,19202.478661871093 74538.5416285537,19366.08177724105 
PLINE 48129.61603729869,21315.39544807589 48129.61603729869,21427.309002944225 
PLINE 48129.61603729869,21427.309002944225 48129.61603729869,21515.39544807589 
PLINE 43508.2564493258,27566.97611346252 43508.2564493258,27660.886156997105 
PLINE 43508.2564493258,27660.886156997105 43508.2564493258,27766.97611346252 
PLINE 41241.794345961986,11416.975275765746 41333.25644932582,11416.975275765746 
PLINE 41333.25644932582,11416.975275765746 41425.26948558256,11416.975275765746 
PLINE 41425.26948558256,11416.975275765746 48252.00912402983,11416.975275765746 
PLINE 48252.00912402983,11416.975275765746 48333.25644932582,11416.975275765746 
PLINE 48333.25644932582,11416.975275765746 48416.58675017675,11416.975275765746 
PLINE 99008.25644932583,12916.97611346251 99306.13482854994,12916.97611346251 
PLINE 99306.13482854994,12916.97611346251 99343.25644932578,12916.97611346251 
PLINE 99343.25644932578,12916.97611346251 99458.25644932583,12916.97611346251 
PLINE 99008.25644932583,13366.97611346251 99343.25644932578,13366.97611346251 
PLINE 99343.25644932578,13366.97611346251 99458.25644932583,13366.97611346251 
PLINE 77431.00873141938,21427.361141057132 77524.02911767678,21427.361141057132 
PLINE 77524.02911767678,21427.361141057132 79447.32716106676,21427.361141057132 
PLINE 79447.32716106676,21427.361141057132 84318.62938944557,21427.361141057132 
PLINE 84318.62938944557,21427.361141057132 86033.43918554687,21427.361141057132 
PLINE 86033.43918554687,21427.361141057132 87760.75315558528,21427.361141057132 
PLINE 87760.75315558528,21427.361141057132 89319.01496948804,21427.361141057132 
PLINE 89319.01496948804,21427.361141057132 90933.57751742397,21427.361141057132 
PLINE 90933.57751742397,21427.361141057132 92634.30197726694,21427.361141057132 
PLINE 92634.30197726694,21427.361141057132 98937.90599591206,21427.361141057132 
PLINE 98937.90599591206,21427.361141057132 99343.25644932578,21427.361141057132 
PLINE 99343.25644932578,21427.361141057132 99458.25644932583,21427.361141057132 
PLINE 26408.25644932577,13025.381118811314 26645.137292174873,13025.381118811314 
PLINE 26645.137292174873,13025.381118811314 29483.25644932577,13025.381118811314 
PLINE 29483.25644932577,13025.381118811314 30383.256449325767,13025.381118811314 
PLINE 30383.256449325767,13025.381118811314 32902.37409638459,13025.381118811314 
PLINE 32902.37409638459,13025.381118811314 33564.138802266934,13025.381118811314 
PLINE 33564.138802266934,13025.381118811314 36534.53833218915,13025.381118811314 
PLINE 36534.53833218915,13025.381118811314 39758.26821644228,13025.381118811314 
PLINE 39758.26821644228,13025.381118811314 39810.28492872415,13025.381118811314 
PLINE 39810.28492872415,13025.381118811314 39959.46246749383,13025.381118811314 
PLINE 39959.46246749383,13025.381118811314 40058.25644932576,13025.381118811314 
PLINE 26408.25644932577,19252.329520340976 26645.137292174873,19252.329520340976 
PLINE 26645.137292174873,19252.329520340976 31208.37136716442,19252.329520340976 
PLINE 31208.37136716442,19252.329520340976 32915.984116353044,19252.329520340976 
PLINE 32915.984116353044,19252.329520340976 33458.25644932576,19252.329520340976 
PLINE 33458.25644932576,19252.329520340976 36534.53833218915,19252.329520340976 
PLINE 36534.53833218915,19252.329520340976 37808.25644932576,19252.329520340976 
PLINE 37808.25644932576,19252.329520340976 39810.28492872415,19252.329520340976 
PLINE 39810.28492872415,19252.329520340976 46208.25644932581,19252.329520340976 
PLINE 46208.25644932581,19252.329520340976 46658.25644932581,19252.329520340976 
PLINE 46658.25644932581,19252.329520340976 46658.25644932581,19252.329520340976 
PLINE 26408.25644932577,21427.309002944225 26645.137292174873,21427.309002944225 
PLINE 26645.137292174873,21427.309002944225 33008.25644932576,21427.309002944225 
PLINE 33008.25644932576,21427.309002944225 33550.21542359508,21427.309002944225 
PLINE 33550.21542359508,21427.309002944225 35257.12311570107,21427.309002944225 
PLINE 35257.12311570107,21427.309002944225 36537.41201862717,21427.309002944225 
PLINE 36537.41201862717,21427.309002944225 39834.12694593789,21427.309002944225 
PLINE 39834.12694593789,21427.309002944225 44408.25644932582,21427.309002944225 
PLINE 44408.25644932582,21427.309002944225 46429.603584075376,21427.309002944225 
PLINE 46429.603584075376,21427.309002944225 48129.61603729869,21427.309002944225 
PLINE 48129.61603729869,21427.309002944225 49733.16919312417,21427.309002944225 
PLINE 49733.16919312417,21427.309002944225 51331.09973440665,21427.309002944225 
PLINE 51331.09973440665,21427.309002944225 53027.9558644725,21427.309002944225 
PLINE 53027.9558644725,21427.309002944225 57908.25644932581,21427.309002944225 
PLINE 57908.25644932581,21427.309002944225 59633.2564493258,21427.309002944225 
PLINE 59633.2564493258,21427.309002944225 61358.25644932576,21427.309002944225 
PLINE 61358.25644932576,21427.309002944225 66233.25644932575,21427.309002944225 
PLINE 66233.25644932575,21427.309002944225 71108.25644932581,21427.309002944225 
PLINE 71108.25644932581,21427.309002944225 72808.068479401,21427.309002944225 
PLINE 72808.068479401,21427.309002944225 74741.68231543808,21427.309002944225 
PLINE 74741.68231543808,21427.309002944225 74842.44121349297,21427.309002944225 
PLINE 46208.25644932581,12916.97611346251 46208.25644932581,12916.97611346251 
PLINE 46208.25644932581,12916.97611346251 46658.25644932581,12916.97611346251 
PLINE 46658.25644932581,12916.97611346251 46658.25644932581,12916.97611346251 
PLINE 46208.25644932581,13366.97611346251 46208.25644932581,13366.97611346251 
PLINE 46208.25644932581,13366.97611346251 46658.25644932581,13366.97611346251 
PLINE 46658.25644932581,13366.97611346251 46658.25644932581,13366.97611346251 
PLINE 49633.25644932582,19202.478661871093 49745.32219653831,19202.478661871093 
PLINE 49745.32219653831,19202.478661871093 51633.25644932581,19202.478661871093 
PLINE 51633.25644932581,19202.478661871093 53027.73267133857,19202.478661871093 
PLINE 53027.73267133857,19202.478661871093 56321.49737050638,19202.478661871093 
PLINE 56321.49737050638,19202.478661871093 57608.25644932575,19202.478661871093 
PLINE 57608.25644932575,19202.478661871093 59633.25261703874,19202.478661871093 
PLINE 59633.25261703874,19202.478661871093 61658.25644932581,19202.478661871093 
PLINE 61658.25644932581,19202.478661871093 62933.25644932575,19202.478661871093 
PLINE 62933.25644932575,19202.478661871093 64218.32445480903,19202.478661871093 
PLINE 64218.32445480903,19202.478661871093 66247.39065842143,19202.478661871093 
PLINE 66247.39065842143,19202.478661871093 68263.21582254414,19202.478661871093 
PLINE 68263.21582254414,19202.478661871093 72608.25644932581,19202.478661871093 
PLINE 72608.25644932581,19202.478661871093 73058.25644932581,19202.478661871093 
PLINE 73058.25644932581,19202.478661871093 74538.5416285537,19202.478661871093 
PLINE 74538.5416285537,19202.478661871093 76133.33592488852,19202.478661871093 
PLINE 76133.33592488852,19202.478661871093 77733.25601745691,19202.478661871093 
PLINE 77733.25601745691,19202.478661871093 79422.1453382147,19202.478661871093 
PLINE 79422.1453382147,19202.478661871093 81118.9707350401,19202.478661871093 
PLINE 81118.9707350401,19202.478661871093 81947.54216361152,19202.478661871093 
PLINE 81947.54216361152,19202.478661871093 84308.2564493258,19202.478661871093 
PLINE 84308.2564493258,19202.478661871093 86008.4472890205,19202.478661871093 
PLINE 86008.4472890205,19202.478661871093 89319.01496948804,19202.478661871093 
PLINE 89319.01496948804,19202.478661871093 89333.43096205563,19202.478661871093 
PLINE 79208.25644932581,27660.4826215597 79447.32716106676,27660.4826215597 
PLINE 79447.32716106676,27660.4826215597 79467.38443870768,27660.4826215597 
PLINE 79467.38443870768,27660.4826215597 82358.25644932583,27660.4826215597 
PLINE 82358.25644932583,27660.4826215597 83108.2564493258,27660.4826215597 
PLINE 83108.2564493258,27660.4826215597 86033.43918554687,27660.4826215597 
PLINE 86033.43918554687,27660.4826215597 89319.01496948804,27660.4826215597 
PLINE 89319.01496948804,27660.4826215597 92634.30197726694,27660.4826215597 
PLINE 92634.30197726694,27660.4826215597 95558.2564493258,27660.4826215597 
PLINE 95558.2564493258,27660.4826215597 96307.5056771424,27660.4826215597 
PLINE 96307.5056771424,27660.4826215597 98893.54172236387,27660.4826215597 
PLINE 98893.54172236387,27660.4826215597 99458.25644932583,27660.4826215597 
PLINE 99458.25644932583,27660.4826215597 102343.63254545844,27660.4826215597 
PLINE 102343.63254545844,27660.4826215597 105327.6773269725,27660.4826215597 
PLINE 105327.6773269725,27660.4826215597 105759.6938495733,27660.4826215597 
PLINE 33001.81255311913,27660.886156997105 33008.25644932576,27660.886156997105 
PLINE 33008.25644932576,27660.886156997105 33008.25644932576,27660.886156997105 
PLINE 33008.25644932576,27660.886156997105 33599.432919914,27660.886156997105 
PLINE 33599.432919914,27660.886156997105 36537.41201862717,27660.886156997105 
PLINE 36537.41201862717,27660.886156997105 39834.12694593789,27660.886156997105 
PLINE 39834.12694593789,27660.886156997105 42758.25644932582,27660.886156997105 
PLINE 42758.25644932582,27660.886156997105 43508.2564493258,27660.886156997105 
PLINE 43508.2564493258,27660.886156997105 46429.603584075376,27660.886156997105 
PLINE 46429.603584075376,27660.886156997105 49733.16919312417,27660.886156997105 
PLINE 49733.16919312417,27660.886156997105 53027.9558644725,27660.886156997105 
PLINE 53027.9558644725,27660.886156997105 55958.25644932578,27660.886156997105 
PLINE 55958.25644932578,27660.886156997105 56708.25644932578,27660.886156997105 
PLINE 56708.25644932578,27660.886156997105 59633.2564493258,27660.886156997105 
PLINE 59633.2564493258,27660.886156997105 62558.25644932575,27660.886156997105 
PLINE 62558.25644932575,27660.886156997105 63308.256449325796,27660.886156997105 
PLINE 63308.256449325796,27660.886156997105 66233.25644932575,27660.886156997105 
PLINE 66233.25644932575,27660.886156997105 69158.25644932575,27660.886156997105 
PLINE 69158.25644932575,27660.886156997105 69908.25644932577,27660.886156997105 
PLINE 69908.25644932577,27660.886156997105 72799.44848086157,27660.886156997105 
PLINE 72799.44848086157,27660.886156997105 72808.068479401,27660.886156997105 
PLINE 72808.068479401,27660.886156997105 73058.25644932581,27660.886156997105 
PLINE 49556.77279194962,13022.842152637077 49633.25644932582,13022.842152637077 
PLINE 49633.25644932582,13022.842152637077 49745.32219653831,13022.842152637077 
PLINE 49745.32219653831,13022.842152637077 49754.81135270867,13022.842152637077 
PLINE 49754.81135270867,13022.842152637077 53027.73267133857,13022.842152637077 
PLINE 53027.73267133857,13022.842152637077 56321.49737050638,13022.842152637077 
PLINE 56321.49737050638,13022.842152637077 59633.25261703874,13022.842152637077 
PLINE 59633.25261703874,13022.842152637077 62933.25644932575,13022.842152637077 
PLINE 62933.25644932575,13022.842152637077 66247.39065842143,13022.842152637077 
PLINE 66247.39065842143,13022.842152637077 69083.25644932575,13022.842152637077 
PLINE 69083.25644932575,13022.842152637077 69983.25644932575,13022.842152637077 
PLINE 69983.25644932575,13022.842152637077 72502.37409638464,13022.842152637077 
PLINE 72502.37409638464,13022.842152637077 73164.13880226699,13022.842152637077 
PLINE 73164.13880226699,13022.842152637077 76133.33592488852,13022.842152637077 
PLINE 76133.33592488852,13022.842152637077 79102.37409638464,13022.842152637077 
PLINE 79102.37409638464,13022.842152637077 79764.13880226699,13022.842152637077 
PLINE 79764.13880226699,13022.842152637077 82283.25644932581,13022.842152637077 
PLINE 82283.25644932581,13022.842152637077 83183.2564493258,13022.842152637077 
PLINE 83183.2564493258,13022.842152637077 86008.4472890205,13022.842152637077 
PLINE 86008.4472890205,13022.842152637077 89240.27536711367,13022.842152637077 
PLINE 89240.27536711367,13022.842152637077 90008.25644932476,13022.842152637077 
PLINE 90008.25644932476,13022.842152637077 92439.01943982816,13022.842152637077 
PLINE 92439.01943982816,13022.842152637077 92531.90120134424,13022.842152637077 
PLINE 92531.90120134424,13022.842152637077 92858.25644932583,13022.842152637077 
PLINE 39810.28492872415,16141.097447080869 39933.25644932581,16141.097447080869 
PLINE 39933.25644932581,16141.097447080869 47823.562962790675,16141.097447080869 
PLINE 47823.562962790675,16141.097447080869 49623.56296279068,16141.097447080869 
PLINE 49623.56296279068,16141.097447080869 49745.32219653831,16141.097447080869 
PLINE 92408.2564493258,17642.150938637336 92531.90120134424,17642.150938637336 
PLINE 92531.90120134424,17642.150938637336 99343.25644932578,17642.150938637336 
PLINE 99343.25644932578,17642.150938637336 99458.25644932583,17642.150938637336 
PLINE 99258.2564493258,16541.976113462508 99343.25644932578,16541.976113462508 
PLINE 99343.25644932578,16541.976113462508 99458.2564493258,16541.976113462508 
PLINE 99258.2564493258,14141.976113462508 99343.25644932578,14141.976113462508 
PLINE 99343.25644932578,14141.976113462508 99458.2564493258,14141.976113462508 
PLINE 92408.2564493258,15816.976113462508 92531.90120134424,15816.976113462508 
PLINE 92531.90120134424,15816.976113462508 92608.2564493258,15816.976113462508 
PLINE 86008.4472890205,14359.71804894638 86133.25644932581,14359.71804894638 
PLINE 86133.25644932581,14359.71804894638 89240.27536711367,14359.71804894638 
PLINE 89240.27536711367,14359.71804894638 89333.25644932583,14359.71804894638 
PLINE 86008.4472890205,16766.97611346251 86133.25644932581,16766.97611346251 
PLINE 86133.25644932581,16766.97611346251 89133.2564493258,16766.97611346251 
PLINE 89133.2564493258,16766.97611346251 89244.32826323608,16766.97611346251 
PLINE 89133.2564493258,18565.16045781101 89319.01496948804,18565.16045781101 
PLINE 89319.01496948804,18565.16045781101 89333.25644932583,18565.16045781101 
PLINE 89133.2564493258,16266.97611346251 89244.32826323608,16266.97611346251 
PLINE 89244.32826323608,16266.97611346251 89333.25644932583,16266.97611346251 
PLINE 89133.2564493258,15066.9761134625 89240.27536711367,15066.9761134625 
PLINE 89240.27536711367,15066.9761134625 89333.25644932583,15066.9761134625 
PLINE 89133.2564493258,17270.17048441755 89244.32826323608,17270.17048441755 
PLINE 89244.32826323608,17270.17048441755 89333.25644932583,17270.17048441755 
PLINE 74033.25644932581,28846.412017215673 74077.2816922706,28846.412017215673 
PLINE 74077.2816922706,28846.412017215673 76128.31511359401,28846.412017215673 
PLINE 76128.31511359401,28846.412017215673 78193.85866380086,28846.412017215673 
PLINE 78193.85866380086,28846.412017215673 78237.97315467718,28846.412017215673 
PLINE 72808.068479401,23543.365465349467 72933.25644932581,23543.365465349467 
PLINE 72933.25644932581,23543.365465349467 73530.14811385507,23543.365465349467 
PLINE 73530.14811385507,23543.365465349467 74741.68231543808,23543.365465349467 
PLINE 74741.68231543808,23543.365465349467 76128.31511359401,23543.365465349467 
PLINE 76128.31511359401,23543.365465349467 77524.02911767678,23543.365465349467 
PLINE 77524.02911767678,23543.365465349467 78634.34311830635,23543.365465349467 
PLINE 78634.34311830635,23543.365465349467 79333.48340681205,23543.365465349467 
PLINE 79333.48340681205,23543.365465349467 79447.32716106676,23543.365465349467 
PLINE 36438.06848615081,22328.23958269003 36537.41201862717,22328.23958269003 
PLINE 36537.41201862717,22328.23958269003 36638.06848615081,22328.23958269003 
PLINE 36438.06842472925,23928.03580146897 36537.41201862717,23928.03580146897 
PLINE 36537.41201862717,23928.03580146897 36638.06844348607,23928.03580146897 
PLINE 56220.63193692262,18358.19936483339 56321.49737050638,18358.19936483339 
PLINE 56321.49737050638,18358.19936483339 56420.63193692262,18358.19936483339 
PLINE 56220.63193692262,17158.19936483339 56321.49737050638,17158.19936483339 
PLINE 56321.49737050638,17158.19936483339 56420.63193692262,17158.19936483339 
PLINE 92535.76470804546,23849.23755600281 92634.30197726694,23849.23755600281 
PLINE 92634.30197726694,23849.23755600281 92735.76470804543,23849.23755600281 
PLINE 92533.25644932583,22248.851439313865 92634.30197726694,22248.851439313865 
PLINE 92634.30197726694,22248.851439313865 92733.2564493258,22248.851439313865 
PLINE 52925.12496640903,23849.21816710978 53027.9558644725,23849.21816710978 
PLINE 53027.9558644725,23849.21816710978 53125.12496640903,23849.21816710978 
PLINE 52928.72429787036,22248.832050420828 53027.9558644725,22248.832050420828 
PLINE 53027.9558644725,22248.832050420828 53128.72429787033,22248.832050420828 
PLINE 46325.89877318925,23851.44246380347 46429.603584075376,23851.44246380347 
PLINE 46429.603584075376,23851.44246380347 46525.89877318924,23851.44246380347 
PLINE 46329.49810465056,22251.474398882347 46429.603584075376,22251.474398882347 
PLINE 46429.603584075376,22251.474398882347 46529.49810465053,22251.474398882347 
PLINE 36434.63267499418,18363.99683209262 36534.53833218915,18363.99683209262 
PLINE 36534.53833218915,18363.99683209262 36634.63267499418,18363.99683209262 
PLINE 36434.63267499418,17163.99683209262 36534.53833218915,17163.99683209262 
PLINE 36534.53833218915,17163.99683209262 36634.63267499418,17163.99683209262 
PLINE 39810.28492872415,13189.071169443741 39959.46246749383,13025.381118811314 
PLINE 39959.46246749383,13025.381118811314 40058.25644932577,12916.97611346251 
PLINE 40058.25644932577,12916.97611346251 41334.13811276908,11516.97222673484 
PLINE 41334.13811276908,11516.97222673484 41425.26948558256,11416.975275765746 
PLINE 39758.26821644228,13025.381118811314 39810.28492872415,12968.985762972683 
PLINE 39810.28492872415,12968.985762972683 39858.25644932582,12916.97611346251 
PLINE 39858.25644932582,12916.97611346251 41241.794345961986,11416.975275765746 
PLINE 41241.794345961986,11416.975275765746 41334.02664580422,11316.97907951958 
PLINE 92439.01943982816,13022.842152637077 92531.90120134424,12941.81763727199 
PLINE 92531.90120134424,12941.81763727199 92560.37807010145,12916.97611346251 
PLINE 92560.37807010145,12916.97611346251 95933.25644932584,9974.677952862621 
PLINE 95933.25644932584,9974.677952862621 96085.37807010156,9841.97611346252 
PLINE 102343.63254545844,27660.4826215597 102432.90802732065,27566.97611346252 
PLINE 102432.90802732065,27566.97611346252 102990.03450631027,26983.44578092167 
PLINE 102990.03450631027,26983.44578092167 103782.61696146635,26153.300524745704 
PLINE 103782.61696146635,26153.300524745704 103853.16380865827,26079.41025610103 
PLINE 78091.23591056459,28941.97611346251 78193.85866380086,28846.412017215673 
PLINE 78193.85866380086,28846.412017215673 79354.99369343717,27765.14284221816 
PLINE 79354.99369343717,27765.14284221816 79447.32716106676,27679.160308042294 
PLINE 79447.32716106676,27679.160308042294 79467.38443870768,27660.4826215597 
PLINE 48252.00912402983,11416.975275765746 48333.25644932582,11516.97222673484 
PLINE 48333.25644932582,11516.97222673484 49556.77279194962,13022.842152637077 
PLINE 49556.77279194962,13022.842152637077 49633.25644932582,13116.97611346251 
PLINE 49633.25644932582,13116.97611346251 49745.32219653831,13254.903522007917 
PLINE 48333.25644932582,11316.97907951958 48416.58675017675,11416.975275765746 
PLINE 48416.58675017675,11416.975275765746 49666.58950802374,12916.97611346251 
PLINE 49666.58950802374,12916.97611346251 49745.32219653831,13011.455183996237 
PLINE 49745.32219653831,13011.455183996237 49754.81135270867,13022.842152637077 
PLINE 98937.90599591206,21427.361141057132 98995.53455029125,21483.57688988138 
PLINE 98995.53455029125,21483.57688988138 99343.25644932578,21822.77413588886 
PLINE 99343.25644932578,21822.77413588886 103782.61696146635,26153.300524745704 
PLINE 103782.61696146635,26153.300524745704 105327.6773269725,27660.4826215597 
PLINE 105327.6773269725,27660.4826215597 105436.8471969379,27766.97611346252 
PLINE 95781.1348285501,9841.97611346252 95933.25644932584,9974.677952862621 
PLINE 95933.25644932584,9974.677952862621 99306.13482854994,12916.97611346251 
PLINE 99306.13482854994,12916.97611346251 99306.13482854994,12916.97611346251 
PLINE 99306.13482854994,12916.97611346251 99343.25644932578,12949.358803926545 
PLINE 102953.8704515839,26948.91809426663 102990.03450631027,26983.44578092167 
PLINE 102990.03450631027,26983.44578092167 103026.1985610366,27017.97346757671 
PLINE 72799.44848086157,27660.886156997105 72808.068479401,27668.88346923809 
PLINE 72808.068479401,27668.88346923809 72911.2263035776,27764.58944021561 
PLINE 72911.2263035776,27764.58944021561 74077.2816922706,28846.412017215673 
PLINE 74077.2816922706,28846.412017215673 74180.28659507382,28941.97611346251 
PLINE 26633.25644932577,21766.97611346252 26645.137292174873,21777.97148162019 
PLINE 26645.137292174873,21777.97148162019 33001.81255311913,27660.886156997105 
PLINE 33001.81255311913,27660.886156997105 33008.25644932576,27666.849792074314 
PLINE 33008.25644932576,27666.849792074314 33116.44610449817,27766.97611346252 
