PLINE 73164.13880226699,13022.842152637077 76133.33592488852,13022.842152637077 
PLINE 76133.33592488852,13022.842152637077 79102.37409638464,13022.842152637077 
PLINE 89240.27536711367,13116.97611346251 89240.27536711367,14359.71804894638 
PLINE 47823.562962790675,16141.097447080869 49623.56296279068,16141.097447080869 
PLINE 47823.562962790675,16141.097447080869 49623.56296279068,16141.097447080869 
PLINE 92531.90120134424,15816.976113462508 92531.90120134424,17642.150938637336 
PLINE 36534.53833218915,17163.99683209262 36534.53833218915,18363.99683209262 
PLINE 56321.49737050638,17158.19936483339 56321.49737050638,18358.19936483339 
PLINE 49745.32219653831,19202.478661871093 51633.25644932581,19202.478661871093 
PLINE 49745.32219653831,19202.478661871093 51633.25644932581,19202.478661871093 
PLINE 57608.25644932575,19202.478661871093 59633.25261703874,19202.478661871093 
PLINE 57608.25644932575,19202.478661871093 59633.25261703874,19202.478661871093 
PLINE 59633.25261703874,19202.478661871093 61658.25644932581,19202.478661871093 
PLINE 59633.25261703874,19202.478661871093 61658.25644932581,19202.478661871093 
PLINE 64218.32445480903,19202.478661871093 66247.39065842143,19202.478661871093 
PLINE 66247.39065842143,19202.478661871093 68263.21582254414,19202.478661871093 
PLINE 68263.21582254414,19202.478661871093 72608.25644932581,19202.478661871093 
PLINE 84308.2564493258,19202.478661871093 86008.4472890205,19202.478661871093 
PLINE 84308.2564493258,19202.478661871093 86008.4472890205,19202.478661871093 
PLINE 31208.37136716442,19252.329520340976 32915.984116353044,19252.329520340976 
PLINE 37808.25644932576,19252.329520340976 39810.28492872415,19252.329520340976 
PLINE 89319.01496948804,19202.478661871093 89319.01496948804,21427.361141057132 
PLINE 26645.137292174873,19252.329520340976 26645.137292174873,21427.309002944225 
PLINE 33550.21542359508,21427.309002944225 35257.12311570107,21427.309002944225 
PLINE 44408.25644932582,21427.309002944225 46429.603584075376,21427.309002944225 
PLINE 86033.43918554687,21427.361141057132 87760.75315558528,21427.361141057132 
PLINE 89319.01496948804,21427.361141057132 90933.57751742397,21427.361141057132 
PLINE 46429.603584075376,22251.474398882347 46429.603584075376,23851.44246380347 
PLINE 53027.9558644725,22248.832050420828 53027.9558644725,23849.21816710978 
PLINE 92634.30197726694,22248.851439313865 92634.30197726694,23849.23755600281 
PLINE 36537.41201862717,22328.23958269003 36537.41201862717,23928.03580146897 
PLINE 73530.14811385507,23543.365465349467 74741.68231543808,23543.365465349467 
PLINE 74741.68231543808,23543.365465349467 76128.31511359401,23543.365465349467 
PLINE 76128.31511359401,23543.365465349467 77524.02911767678,23543.365465349467 
PLINE 77524.02911767678,23543.365465349467 78634.34311830635,23543.365465349467 
PLINE 102990.03450631027,26983.44578092167 103782.61696146635,26153.300524745704 
