
PLINE 76246.21262086157,19118.88547266319 76246.21262086157,19139.356059165842 76246.21262086157,19139.356059165842 74671.21262086157,19139.356059165842 74671.21262086157,19139.356059165842 72946.21262086155,19139.356059165842 72946.21262086155,19139.356059165842 72946.21262086155,12974.4890260634 72946.21262086155,12974.4890260634 76246.21262086157,12974.4890260634 76246.21262086157,12974.4890260634 76246.21262086157,19118.88547266319 
 

PLINE 76246.21262086157,19118.88547266319 76246.21262086157,19139.356059165842 76246.21262086157,19139.356059165842 77821.21262086157,19139.356059165842 77821.21262086157,19139.356059165842 79537.07966873857,19139.356059165842 79537.07966873857,19139.356059165842 79537.07966873857,12974.4890260634 79537.07966873857,12974.4890260634 76246.21262086157,12974.4890260634 76246.21262086157,12974.4890260634 76246.21262086157,19118.88547266319 
 

PLINE 69646.2126208615,19118.88547266319 69646.2126208615,19139.356059165842 69646.2126208615,19139.356059165842 68376.1719940799,19139.356059165842 68376.1719940799,19139.356059165842 66360.3468299572,19139.356059165842 66360.3468299572,19139.356059165842 66360.3468299572,12974.4890260634 66360.3468299572,12974.4890260634 69646.2126208615,12974.4890260634 69646.2126208615,12974.4890260634 69646.2126208615,19118.88547266319 
 

PLINE 69646.2126208615,19118.88547266319 69646.2126208615,19139.356059165842 69646.2126208615,19139.356059165842 71221.21262086157,19139.356059165842 71221.21262086157,19139.356059165842 72946.21262086155,19139.356059165842 72946.21262086155,19139.356059165842 72946.21262086155,12974.4890260634 72946.21262086155,12974.4890260634 69646.2126208615,12974.4890260634 69646.2126208615,12974.4890260634 69646.2126208615,19118.88547266319 
 

PLINE 63046.2126208615,19118.88547266319 63046.2126208615,19139.356059165842 63046.2126208615,19139.356059165842 61771.21262086155,19139.356059165842 61771.21262086155,19139.356059165842 59746.208788574506,19139.356059165842 59746.208788574506,19139.356059165842 59746.208788574506,12974.4890260634 59746.208788574506,12974.4890260634 63046.2126208615,12974.4890260634 63046.2126208615,12974.4890260634 63046.2126208615,19118.88547266319 
 

PLINE 63046.2126208615,19118.88547266319 63046.2126208615,19139.356059165842 63046.2126208615,19139.356059165842 64331.28062634477,19139.356059165842 64331.28062634477,19139.356059165842 66360.3468299572,19139.356059165842 66360.3468299572,19139.356059165842 66360.3468299572,12974.4890260634 66360.3468299572,12974.4890260634 63046.2126208615,12974.4890260634 63046.2126208615,12974.4890260634 63046.2126208615,19118.88547266319 
 

PLINE 56434.45354204213,19118.88547266319 56434.45354204213,19139.356059165842 56434.45354204213,19139.356059165842 53140.68884287432,19139.356059165842 53140.68884287432,19139.356059165842 53140.68884287432,12974.4890260634 53140.68884287432,12974.4890260634 56434.45354204213,12974.4890260634 56434.45354204213,12974.4890260634 56434.45354204213,17110.10872403407 56434.45354204213,17110.10872403407 56434.45354204213,18310.10872403407 
 56434.45354204213,18310.10872403407 56434.45354204213,19118.88547266319 

PLINE 56434.45354204213,19118.88547266319 56434.45354204213,19139.356059165842 56434.45354204213,19139.356059165842 57721.21262086151,19139.356059165842 57721.21262086151,19139.356059165842 59746.208788574506,19139.356059165842 59746.208788574506,19139.356059165842 59746.208788574506,12974.4890260634 59746.208788574506,12974.4890260634 56434.45354204213,12974.4890260634 56434.45354204213,12974.4890260634 56434.45354204213,17110.10872403407 
 56434.45354204213,17110.10872403407 56434.45354204213,18310.10872403407 56434.45354204213,18310.10872403407 56434.45354204213,19118.88547266319 

PLINE 36650.72827349436,19117.24292553706 36650.72827349436,19204.61386859408 36650.72827349436,19204.61386859408 35371.32753870019,19204.61386859408 35371.32753870019,19204.61386859408 33346.215880942036,19204.61386859408 33346.215880942036,19204.61386859408 33346.215880942036,12975.57221843046 33346.215880942036,12975.57221843046 36650.72827349436,12975.57221843046 36650.72827349436,12975.57221843046 36650.72827349436,19117.24292553706 
 

PLINE 30045.420589173547,19118.88547266319 30045.420589173547,19204.61386859408 30045.420589173547,19204.61386859408 31321.32753870017,19204.61386859408 31321.32753870017,19204.61386859408 33346.215880942036,19204.61386859408 33346.215880942036,19204.61386859408 33346.215880942036,12975.57221843046 33346.215880942036,12975.57221843046 30045.420589173547,12975.57221843046 30045.420589173547,12975.57221843046 30045.420589173547,19118.88547266319 
 

PLINE 30045.420589173547,19118.88547266319 30045.420589173547,19204.61386859408 30045.420589173547,19204.61386859408 28771.212620861523,19204.61386859408 28771.212620861523,19204.61386859408 26746.212620861523,19204.61386859408 26746.212620861523,19204.61386859408 26746.212620861523,12975.57221843046 26746.212620861523,12975.57221843046 30045.420589173547,12975.57221843046 30045.420589173547,12975.57221843046 30045.420589173547,19118.88547266319 
 

PLINE 23445.29049391162,19118.88547266319 23445.29049391162,19204.61386859408 23445.29049391162,19204.61386859408 22161.928986098945,19204.61386859408 22161.928986098945,19204.61386859408 20141.831684351222,19204.61386859408 20141.831684351222,19204.61386859408 20141.831684351222,12975.57221843046 20141.831684351222,12975.57221843046 23445.29049391162,12975.57221843046 23445.29049391162,12975.57221843046 23445.29049391162,19118.88547266319 
 

PLINE 23445.29049391162,19118.88547266319 23445.29049391162,19204.61386859408 23445.29049391162,19204.61386859408 24721.21262086151,19204.61386859408 24721.21262086151,19204.61386859408 26746.212620861523,19204.61386859408 26746.212620861523,19204.61386859408 26746.212620861523,12975.57221843046 26746.212620861523,12975.57221843046 23445.29049391162,12975.57221843046 23445.29049391162,12975.57221843046 23445.29049391162,19118.88547266319 
 

PLINE 16846.438499388456,19118.88547266319 16846.438499388456,19204.61386859408 16846.438499388456,19204.61386859408 18115.28740238629,19204.61386859408 18115.28740238629,19204.61386859408 20141.831684351222,19204.61386859408 20141.831684351222,19204.61386859408 20141.831684351222,12975.57221843046 20141.831684351222,12975.57221843046 16846.438499388456,12975.57221843046 16846.438499388456,12975.57221843046 16846.438499388456,19118.88547266319 
 

PLINE 16846.438499388456,19118.88547266319 16846.438499388456,19204.61386859408 16846.438499388456,19204.61386859408 15571.21262086151,19204.61386859408 15571.21262086151,19204.61386859408 13571.290965738268,19204.61386859408 13571.290965738268,19204.61386859408 13571.290965738268,15457.511036157384 13571.290965738268,15457.511036157384 13571.290965738268,12975.57221843046 13571.290965738268,12975.57221843046 16846.438499388456,12975.57221843046 
 16846.438499388456,12975.57221843046 16846.438499388456,19118.88547266319 

PLINE 16846.438445581305,21381.299541808272 16846.438445581305,21468.88547266315 16846.438445581305,21468.88547266315 16846.438445581305,27613.401352514386 16846.438445581305,27613.401352514386 20141.91565497535,27613.401352514386 20141.91565497535,27613.401352514386 20141.91565497535,21381.299541808272 20141.91565497535,21381.299541808272 18135.31960401176,21381.299541808272 18135.31960401176,21381.299541808272 16846.438445581305,21381.299541808272 
 

PLINE 16846.438445581305,21381.299541808272 16846.438445581305,21468.88547266315 16846.438445581305,21468.88547266315 16846.438445581305,27613.401352514386 16846.438445581305,27613.401352514386 13546.21262086151,27613.401352514386 13546.21262086151,27613.401352514386 13546.21262086151,21381.299541808272 13546.21262086151,21381.299541808272 15571.21262086151,21381.299541808272 15571.21262086151,21381.299541808272 16846.438445581305,21381.299541808272 
 

PLINE 23445.29044010447,21381.299541808272 23445.29044010447,21468.88547266315 23445.29044010447,21468.88547266315 23445.29044010447,27613.401352514386 23445.29044010447,27613.401352514386 26738.65866402699,27613.401352514386 26738.65866402699,27613.401352514386 26738.65866402699,21381.299541808272 26738.65866402699,21381.299541808272 24721.21262086151,21381.299541808272 24721.21262086151,21381.299541808272 23445.29044010447,21381.299541808272 
 

PLINE 23445.29044010447,21381.299541808272 23445.29044010447,21468.88547266315 23445.29044010447,21468.88547266315 23445.29044010447,27613.401352514386 23445.29044010447,27613.401352514386 20141.91565497535,27613.401352514386 20141.91565497535,27613.401352514386 20141.91565497535,21381.299541808272 20141.91565497535,21381.299541808272 22147.819897212426,21381.299541808272 22147.819897212426,21381.299541808272 23445.29044010447,21381.299541808272 
 

PLINE 36650.36819016292,21381.299541808272 36650.36819016292,21468.88547266314 36650.36819016292,21468.88547266314 36650.36819016292,22280.1489418907 36650.36819016292,22280.1489418907 36650.36819016292,23879.94516066965 36650.36819016292,23879.94516066965 36650.36819016292,27613.401352514386 36650.36819016292,27613.401352514386 39954.446391009034,27613.401352514386 39954.446391009034,27613.401352514386 39954.446391009034,21381.299541808272 
 39954.446391009034,21381.299541808272 36650.36819016292,21381.299541808272 

PLINE 36650.36819016292,21381.299541808272 36650.36819016292,21468.88547266314 36650.36819016292,21468.88547266314 36650.36819016292,22280.1489418907 36650.36819016292,22280.1489418907 36650.36819016292,23879.94516066965 36650.36819016292,23879.94516066965 36650.36819016292,27613.401352514386 36650.36819016292,27613.401352514386 33346.18039945336,27613.401352514386 33346.18039945336,27613.401352514386 33346.18039945336,21381.299541808272 
 33346.18039945336,21381.299541808272 35370.07928723681,21381.299541808272 35370.07928723681,21381.299541808272 36650.36819016292,21381.299541808272 

PLINE 43247.513721128795,21381.299541808272 43247.513721128795,21468.88547266313 43247.513721128795,21468.88547266313 43247.513721128795,27613.401352514386 43247.513721128795,27613.401352514386 46553.83464386893,27613.401352514386 46553.83464386893,27613.401352514386 46553.83464386893,21381.299541808272 46553.83464386893,21381.299541808272 44521.21262086157,21381.299541808272 44521.21262086157,21381.299541808272 43247.513721128795,21381.299541808272 
 

PLINE 43247.513721128795,21381.299541808272 43247.513721128795,21468.88547266313 43247.513721128795,21468.88547266313 43247.513721128795,27613.401352514386 43247.513721128795,27613.401352514386 39954.446391009034,27613.401352514386 39954.446391009034,27613.401352514386 39954.446391009034,21381.299541808272 39954.446391009034,21381.299541808272 41958.830628183314,21381.299541808272 41958.830628183314,21381.299541808272 43247.513721128795,21381.299541808272 
 

PLINE 82060.49833514729,19139.356059165842 82060.49833514729,19220.332524649846 82060.49833514729,19220.332524649846 82846.21262086155,19220.332524649846 82846.21262086155,19118.88547266319 82846.21262086155,18318.88547266319 82846.21262086155,18318.88547266319 82846.21262086155,17118.88547266319 82846.21262086155,17118.88547266319 82846.21262086155,12974.4890260634 82846.21262086155,12974.4890260634 79537.07966873857,12974.4890260634 
 79537.07966873857,12974.4890260634 79537.07966873857,19139.356059165842 79537.07966873857,19139.356059165842 81231.92690657586,19139.356059165842 81231.92690657586,19139.356059165842 82060.49833514729,19139.356059165842 

PLINE 30051.313573390093,21381.299541808272 30051.313573390093,21468.88547266314 30051.313573390093,21468.88547266314 30051.313573390093,27613.401352514386 30051.313573390093,27613.401352514386 33346.18039945336,27613.401352514386 33346.18039945336,27613.401352514386 33346.18039945336,21381.299541808272 33346.18039945336,21381.299541808272 31320.0792872368,21381.299541808272 31320.0792872368,21381.299541808272 30051.313573390093,21381.299541808272 
 

PLINE 30051.313573390093,21381.299541808272 30051.313573390093,21468.88547266314 30051.313573390093,21468.88547266314 30051.313573390093,27613.401352514386 30051.313573390093,27613.401352514386 26738.65866402699,27613.401352514386 26738.65866402699,27613.401352514386 26738.65866402699,21381.299541808272 26738.65866402699,21381.299541808272 28771.212620861523,21381.299541808272 28771.212620861523,21381.299541808272 30051.313573390093,21381.299541808272 
 

PLINE 39872.80923859116,12975.57221843046 39923.241100259904,12975.57221843046 39923.241100259904,13140.980528644417 39923.241100259904,16093.006806281544 39923.241100259904,16093.006806281544 39923.241100259904,19204.61386859408 39923.241100259904,19204.61386859408 37921.21262086151,19204.61386859408 37921.21262086151,19204.61386859408 36650.72827349436,19204.61386859408 36650.72827349436,19117.24292553706 36650.72827349436,12975.57221843046 
 36650.72827349436,12975.57221843046 39872.80923859116,12975.57221843046 

PLINE 52921.21262086157,21381.299541808272 53371.21262086157,21381.299541808272 53371.21262086157,21381.299541808272 58021.21262086155,21381.299541808272 58021.21262086155,21381.299541808272 59746.21262086155,21381.299541808272 59746.21262086155,21381.299541808272 59746.21262086155,27613.401352514386 59746.21262086155,27613.401352514386 56821.21262086153,27613.401352514386 56821.21262086153,27613.401352514386 56071.21262086153,27613.401352514386 
 56071.21262086153,27613.401352514386 53512.38909144978,27613.401352514386 53512.38909144978,27613.401352514386 52780.036150273314,27613.401352514386 52780.036150273314,27613.401352514386 49852.286481542746,27613.401352514386 49852.286481542746,27613.401352514386 49852.286481542746,21381.299541808272 49852.286481542746,21381.299541808272 51444.0559059424,21381.299541808272 51444.0559059424,21381.299541808272 52921.21262086157,21381.299541808272 
 

PLINE 89821.21262086157,27612.391980760363 92737.98212591557,27612.391980760363 92737.98212591557,27612.391980760363 92737.98212591557,25412.94499788345 92737.98212591557,25412.94499788345 92737.98212591557,23812.94499788345 92737.98212591557,23812.94499788345 92737.98212591557,21378.818400940472 92737.98212591557,21378.818400940472 91022.58921238089,21378.818400940472 91022.58921238089,21378.818400940472 89353.00030380541,21378.818400940472 
 89353.00030380541,21378.818400940472 86146.21262086157,21378.818400940472 86146.21262086157,21378.818400940472 86146.21262086157,27612.391980760363 86146.21262086157,27612.391980760363 89071.21262086157,27612.391980760363 89071.21262086157,27612.391980760363 89821.21262086157,27612.391980760363 

PLINE 9171.212620861515,27613.401352514386 10252.02175279978,27613.401352514386 10252.02175279978,27613.401352514386 10252.02175279978,21381.299541808272 10252.02175279978,21381.299541808272 8268.160067084784,21381.299541808272 8268.160067084784,21381.299541808272 6166.722953398156,21381.299541808272 6166.722953398156,21381.299541808272 6166.722953398156,27613.401352514386 6166.722953398156,27613.401352514386 9171.212620861515,27613.401352514386 
 

PLINE 10252.02175279978,27613.401352514386 13546.21262086151,27613.401352514386 13546.21262086151,27613.401352514386 13546.21262086151,21381.299541808272 13546.21262086151,21381.299541808272 11521.21262086128,21381.299541808272 11521.21262086128,21381.299541808272 10252.02175279978,21381.299541808272 10252.02175279978,21381.299541808272 10252.02175279978,27613.401352514386 

PLINE 46553.83464386893,27613.401352514386 49852.286481542746,27613.401352514386 49852.286481542746,27613.401352514386 49852.286481542746,21381.299541808272 49852.286481542746,21381.299541808272 48571.21262086156,21381.299541808272 48571.21262086156,21381.299541808272 46553.83464386893,21381.299541808272 46553.83464386893,21381.299541808272 46553.83464386893,27613.401352514386 

PLINE 63421.21262086153,27613.401352514386 66346.21262086151,27613.401352514386 66346.21262086151,27613.401352514386 66346.21262086151,21381.299541808272 66346.21262086151,21381.299541808272 61471.21262086151,21381.299541808272 61471.21262086151,21381.299541808272 59746.21262086155,21381.299541808272 59746.21262086155,21381.299541808272 59746.21262086155,27613.401352514386 59746.21262086155,27613.401352514386 62671.21262086151,27613.401352514386 
 62671.21262086151,27613.401352514386 63421.21262086153,27613.401352514386 

PLINE 49867.548785738676,12974.4890260634 53140.68884287432,12974.4890260634 53140.68884287432,12974.4890260634 53140.68884287432,19139.356059165842 53140.68884287432,19139.356059165842 52496.21262086155,19139.356059165842 52496.21262086155,19139.356059165842 50996.21262086156,19139.356059165842 50996.21262086156,19139.356059165842 49852.26388463619,19139.356059165842 49852.26388463619,19139.356059165842 49852.26388463619,16093.006806281544 
 49852.26388463619,16093.006806281544 49852.26388463619,13199.410422072258 

PLINE 82846.21262086155,12974.4890260634 86121.40346055623,12974.4890260634 86121.40346055623,12974.4890260634 86121.40346055623,14311.627408147062 86121.40346055623,14311.627408147062 86121.40346055623,16718.88547266319 86121.40346055623,16718.88547266319 86121.40346055623,19220.332524649846 86121.40346055623,19220.332524649846 84421.21262086157,19220.332524649846 84421.21262086157,19220.332524649846 82846.21262086155,19220.332524649846 
 82846.21262086155,19118.88547266319 82846.21262086155,18318.88547266319 82846.21262086155,18318.88547266319 82846.21262086155,17118.88547266319 82846.21262086155,17118.88547266319 82846.21262086155,12974.4890260634 

PLINE 13423.59310492073,15457.511036157384 13571.290965738268,15457.511036157384 13571.290965738268,15457.511036157384 13571.290965738268,19204.61386859408 13571.290965738268,19204.61386859408 12171.21262086151,19204.61386859408 12171.21262086151,19204.61386859408 10971.21262086151,19204.61386859408 10971.21262086151,19204.61386859408 10252.02175279978,19204.61386859408 10252.02175279978,19204.61386859408 10252.02175279978,15457.511036157384 
 10346.96428673753,15457.511036157384 11296.21262086151,15457.511036157384 11296.21262086151,15457.511036157384 12496.21262086151,15457.511036157384 12496.21262086151,15457.511036157384 13423.59310492073,15457.511036157384 

PLINE 92644.85737288,17594.060297838016 99456.21262086154,17594.060297838016 99456.21262086154,17594.060297838016 99456.21262086154,21378.818400940472 99050.39870603959,21378.818400940472 92737.98212591557,21378.818400940472 92737.98212591557,21378.818400940472 91022.58921238089,21378.818400940472 91022.58921238089,21378.818400940472 89353.00030380541,21378.818400940472 89353.00030380541,21272.59522656534 89353.00030380541,19220.332524649846 
 89353.00030380541,19220.332524649846 86121.40346055623,19220.332524649846 86121.40346055623,19220.332524649846 86121.40346055623,16718.88547266319 86121.40346055623,16718.88547266319 86121.40346055623,14311.627408147062 86246.21262086157,14311.627408147062 89353.23153864944,14311.627408147062 89353.23153864944,14311.627408147062 89353.23153864944,13068.88547266319 89353.23153864944,12974.4890260634 90121.21262086052,12974.4890260634 
 90121.21262086052,12974.4890260634 92552.27650969067,12974.4890260634 92644.85737288,12974.4890260634 92644.85737288,15768.88547266319 92644.85737288,15768.88547266319 92644.85737288,17594.060297838016 

PLINE 86121.40346055623,14311.627408147062 86246.21262086157,14311.627408147062 86246.21262086157,14311.627408147062 89353.23153864944,14311.627408147062 89353.23153864944,14311.627408147062 89353.23153864944,13068.88547266319 89353.23153864944,12974.4890260634 86121.40346055623,12974.4890260634 86121.40346055623,12974.4890260634 86121.40346055623,14311.627408147062 

PLINE 72921.02465093676,23495.274824550135 73046.21262086157,23495.274824550135 73046.21262086157,23495.274824550135 73643.10428539084,23495.274824550135 73643.10428539084,23495.274824550135 74854.63848697384,23495.274824550135 74854.63848697384,23495.274824550135 74854.63848697384,21381.299541808272 74854.63848697384,21381.299541808272 72921.02465093676,21381.299541808272 72921.02465093676,21381.299541808272 72921.02465093676,23495.274824550135 
 

PLINE 79446.43957834781,23495.274824550135 79567.74215432892,23495.274824550135 79567.74215432892,23495.274824550135 79567.74215432892,21378.818400940472 79567.74215432892,21378.818400940472 77636.98528921253,21378.818400940472 77636.98528921253,21378.818400940472 77636.98528921253,23495.274824550135 77636.98528921253,23495.274824550135 78747.2992898421,23495.274824550135 78747.2992898421,23495.274824550135 79446.43957834781,23495.274824550135 
 

PLINE 41447.09428430484,11468.88158593552 41538.22565711833,11368.884634966424 41446.21262086157,11368.884634966424 41354.75051749775,11368.884634966424 41354.75051749775,11368.884634966424 39971.21262086157,12868.88547266319 40073.984560320154,12975.57221843046 40171.21262086151,12975.57221843046 40171.212620861515,12868.88547266319 41447.09428430484,11468.88158593552 

PLINE 5618.903228291012,12871.44159180699 8022.578478898249,10779.164286656352 8196.404530358903,10954.615437259903 9005.785079104508,11771.562881905134 9005.785079104508,11771.562881905134 10092.943826561504,12868.885472663189 10252.02175279978,13029.4506178736 10252.02175279978,13411.193164970884 10252.02175279978,13411.193164970884 10252.02175279978,14818.88547266319 10252.02175279978,14818.88547266319 10252.02175279978,15457.511036157384 
 10252.02175279978,15457.511036157384 10252.02175279978,19204.61386859408 10252.02175279978,19204.61386859408 10252.02175279978,21381.299541808272 10252.02175279978,21381.299541808272 8268.160067084784,21381.299541808272 8268.160067084784,21381.299541808272 6166.722953398156,21381.299541808272 6166.722953398156,21381.299541808272 5433.862842240389,21381.299541808272 5433.862842240389,21381.299541808272 5433.862842240389,19204.861082419287 
 5433.862842240389,19204.861082419287 5433.862842240389,13318.885472663189 

PLINE 102456.58871699426,27612.391980760363 102545.86419885646,27518.88547266319 102545.86419885646,27518.88547266319 103102.99067784607,26935.355140122352 103102.99067784607,26935.355140122352 103895.57313300211,26105.209883946416 103895.57313300211,26105.209883946416 105440.6334985084,27612.391980760363 105440.6334985084,27612.391980760363 102456.58871699426,27612.391980760363 

PLINE 102456.58871699426,27612.391980760363 102545.86419885646,27518.88547266319 102545.86419885646,27518.88547266319 103102.99067784607,26935.355140122352 103102.99067784607,26935.355140122352 103895.57313300211,26105.209883946416 103895.57313300211,26105.209883946416 99456.21262086154,21774.683495089863 99456.21262086154,21774.683495089863 99456.21262086154,21718.88547266319 99050.39870603959,21378.818400940472 92737.98212591557,21378.818400940472 
 92737.98212591557,21378.818400940472 92737.98212591557,23812.94499788345 92737.98212591557,23812.94499788345 92737.98212591557,25412.94499788345 92737.98212591557,25412.94499788345 92737.98212591557,27612.391980760363 92737.98212591557,27612.391980760363 95671.21262086157,27612.391980760363 95671.21262086157,27612.391980760363 96420.46184867815,27612.391980760363 96420.46184867815,27612.391980760363 99006.49789389959,27612.391980760363 
 99006.49789389959,27612.391980760363 99571.21262086157,27612.391980760363 99571.21262086157,27612.391980760363 102456.58871699426,27612.391980760363 

PLINE 79467.94986497308,27717.05220141884 79567.74215432892,27624.123882464686 79567.74215432892,27612.391980760363 79567.74215432892,23495.274824550135 79446.43957834781,23495.274824550135 78747.2992898421,23495.274824550135 78747.2992898421,23495.274824550135 77636.98528921253,23495.274824550135 77636.98528921253,23495.274824550135 76241.27128512975,23495.274824550135 76241.27128512975,23495.274824550135 76241.27128512975,28693.88547266319 
 76241.27128512975,28798.321376416352 78306.81483533654,28798.321376416352 78306.81483533654,28798.321376416352 79467.94986497308,27717.05220141884 

PLINE 79567.74215432892,27624.123882464686 79580.34061024363,27612.391980760363 79580.34061024363,27612.391980760363 82471.21262086157,27612.391980760363 82471.21262086157,27612.391980760363 83221.21262086157,27612.391980760363 83221.21262086157,27612.391980760363 86146.21262086157,27612.391980760363 86146.21262086157,27612.391980760363 86146.21262086157,21378.818400940472 86146.21262086157,21378.818400940472 81271.21262086157,21378.818400940472 
 81271.21262086157,21378.818400940472 79567.74215432892,21378.818400940472 79567.74215432892,21378.818400940472 79567.74215432892,23495.274824550135 79567.74215432892,23495.274824550135 79567.74215432892,27612.391980760363 

PLINE 48446.21262086156,11268.88843872026 48529.54292171249,11368.884634966424 48446.21262086157,11468.88158593552 49669.51569431177,12974.4890260634 49852.26388463619,13199.410422072258 49852.26388463619,16093.006806281544 49736.51913432643,16093.006806281544 47936.51913432643,16093.006806281544 47936.51913432643,16093.006806281544 40046.21262086156,16093.006806281544 39923.241100259904,16093.006806281544 39923.241100259904,13140.980528644417 
 40171.212620861515,12868.88547266319 41447.09428430484,11468.88158593552 41538.22565711833,11368.884634966424 48364.96529556557,11368.884634966424 

PLINE 49779.54567955949,12868.88547266319 49852.26388463619,12956.147174964331 49852.26388463619,12956.147174964331 49852.26388463619,12868.885472663189 49779.54567955949,12868.88547266319 48529.54292171249,11368.884634966424 48446.21262086157,11468.88158593552 49669.51569431177,12974.4890260634 

PLINE 99419.09100008567,12868.885472663189 99419.0910000857,12868.88547266319 99456.21262086154,13318.885472663189 99456.21262086154,14093.88547266319 99456.21262086154,14093.88547266319 99456.21262086154,16493.88547266319 99456.21262086154,16493.88547266319 99456.21262086154,17594.060297838016 99456.21262086154,17594.060297838016 92644.85737288,17594.060297838016 92644.85737288,17594.060297838016 92644.85737288,15768.88547266319 
 92644.85737288,15768.88547266319 92644.85737288,12974.4890260634 92673.33424163723,12868.88547266319 96046.21262086158,9926.58731206329 96046.21262086158,9926.58731206329 99419.09100008567,12868.885472663189 

PLINE 10092.943826561504,12868.885472663189 10092.943826561506,12868.88547266319 10252.02175279978,12868.885472663189 10252.02175279978,8838.547073941576 10252.02175279978,8838.547073941576 8022.578478898249,10779.164286656352 8196.404530358903,10954.615437259903 9005.785079104508,11771.562881905134 9005.785079104508,11771.562881905134 10092.943826561504,12868.885472663189 

PLINE 72913.05766030883,27613.401352514386 72921.02465093676,27620.792828438796 72921.02465093676,27613.401352514386 72921.02465093676,23495.274824550135 72921.02465093676,23495.274824550135 72921.02465093676,21381.299541808272 72921.02465093676,21381.299541808272 71221.21262086157,21381.299541808272 71221.21262086157,21381.299541808272 66346.21262086151,21381.299541808272 66346.21262086151,21381.299541808272 66346.21262086151,27613.401352514386 
 66346.21262086151,27613.401352514386 69271.21262086151,27613.401352514386 69271.21262086151,27613.401352514386 70021.21262086154,27613.401352514386 70021.21262086154,27613.401352514386 72913.05766030883,27613.401352514386 

PLINE 72921.02465093676,27620.792828438796 73024.18247511331,27716.49879941628 73024.18247511331,27716.49879941628 74190.23786380643,28798.321376416352 74190.23786380643,28798.321376416352 76241.27128512975,28798.321376416352 76241.27128512975,28693.88547266319 76241.27128512975,23495.274824550135 76241.27128512975,23495.274824550135 74854.63848697384,23495.274824550135 74854.63848697384,23495.274824550135 73643.10428539084,23495.274824550135 
 73643.10428539084,23495.274824550135 73046.21262086157,23495.274824550135 72921.02465093676,23495.274824550135 72921.02465093676,27613.401352514386 
