PLINE 6166.722953398156,21268.88547266319 6166.722953398156,21381.299541808272 
PLINE 6166.722953398156,21381.299541808272 6166.722953398156,27613.401352514386 
PLINE 6166.722953398156,27613.401352514386 6166.722953398156,27718.88547266319 
PLINE 13546.21262086151,21268.88547266313 13546.21262086151,21381.299541808272 
PLINE 13546.21262086151,21381.299541808272 13546.21262086151,27613.401352514386 
PLINE 13546.21262086151,27613.401352514386 13546.21262086151,27718.88547266319 
PLINE 13571.290965738268,12868.885472663189 13571.290965738268,12975.57221843046 
PLINE 13571.290965738268,12975.57221843046 13571.290965738268,15457.511036157384 
PLINE 13571.290965738268,15457.511036157384 13571.290965738268,19204.61386859408 
PLINE 13571.290965738268,19204.61386859408 13571.290965738268,19318.88547266319 
PLINE 5433.862842240389,12868.885472663189 5433.862842240389,12868.88547266319 
PLINE 5433.862842240389,12868.88547266319 5433.862842240389,13032.509855987944 
PLINE 5433.862842240389,13032.509855987944 5433.862842240389,13318.885472663189 
PLINE 5433.862842240389,13318.885472663189 5433.862842240389,19204.861082419287 
PLINE 5433.862842240389,19204.861082419287 5433.862842240389,21381.299541808272 
PLINE 5433.862842240389,21381.299541808272 5433.862842240389,21718.88547266319 
PLINE 20141.91565497535,21266.73627249001 20141.91565497535,21381.299541808272 
PLINE 20141.91565497535,21381.299541808272 20141.91565497535,27613.401352514386 
PLINE 20141.91565497535,27613.401352514386 20141.91565497535,27718.88547266319 
PLINE 20141.831684351222,12868.885472663189 20141.831684351222,12975.57221843046 
PLINE 20141.831684351222,12975.57221843046 20141.831684351222,19204.61386859408 
PLINE 20141.831684351222,19204.61386859408 20141.831684351222,19319.35088774539 
PLINE 26746.212620861523,12868.885472663189 26746.212620861523,12975.57221843046 
PLINE 26746.212620861523,12975.57221843046 26746.212620861523,19204.61386859408 
PLINE 26746.212620861523,19204.61386859408 26746.212620861523,19318.88547266319 
PLINE 26738.65866402699,21268.88547266313 26738.65866402699,21381.299541808272 
PLINE 26738.65866402699,21381.299541808272 26738.65866402699,27613.401352514386 
PLINE 26738.65866402699,27613.401352514386 26738.65866402699,27718.88547266319 
PLINE 33346.18039945336,21268.88547266319 33346.18039945336,21381.299541808272 
PLINE 33346.18039945336,21381.299541808272 33346.18039945336,27613.401352514386 
PLINE 33346.18039945336,27613.401352514386 33346.18039945336,27718.88547266319 
PLINE 33346.215880942036,12868.885472663189 33346.215880942036,12975.57221843046 
PLINE 33346.215880942036,12975.57221843046 33346.215880942036,19204.61386859408 
PLINE 33346.215880942036,19204.61386859408 33346.215880942036,19318.88547266319 
PLINE 99571.21262086157,27268.88547266319 99571.21262086157,27612.391980760363 
PLINE 99571.21262086157,27612.391980760363 99571.21262086157,27718.88547266319 
PLINE 99006.49789389959,27268.88547266319 99006.49789389959,27612.391980760363 
PLINE 99006.49789389959,27612.391980760363 99006.49789389959,27718.88547266319 
PLINE 92737.98212591557,21268.88547266319 92737.98212591557,21378.818400940472 
PLINE 92737.98212591557,21378.818400940472 92737.98212591557,23812.94499788345 
PLINE 92737.98212591557,23812.94499788345 92737.98212591557,25412.94499788345 
PLINE 92737.98212591557,25412.94499788345 92737.98212591557,27612.391980760363 
PLINE 92737.98212591557,27612.391980760363 92737.98212591557,27718.88547266319 
PLINE 86146.21262086157,21268.88547266319 86146.21262086157,21378.818400940472 
PLINE 86146.21262086157,21378.818400940472 86146.21262086157,27612.391980760363 
PLINE 86146.21262086157,27612.391980760363 86146.21262086157,27718.88547266319 
PLINE 39954.446391009034,21268.88547266319 39954.446391009034,21381.299541808272 
PLINE 39954.446391009034,21381.299541808272 39954.446391009034,27613.401352514386 
PLINE 39954.446391009034,27613.401352514386 39954.446391009034,27718.88547266319 
PLINE 46553.83464386893,21268.88547266313 46553.83464386893,21381.299541808272 
PLINE 46553.83464386893,21381.299541808272 46553.83464386893,27613.401352514386 
PLINE 46553.83464386893,27613.401352514386 46553.83464386893,27718.88547266319 
PLINE 53512.38909144978,27268.88547266319 53512.38909144978,27613.401352514386 
PLINE 53512.38909144978,27613.401352514386 53512.38909144978,27718.88547266319 
PLINE 52780.036150273314,27268.88547266319 52780.036150273314,27613.401352514386 
PLINE 52780.036150273314,27613.401352514386 52780.036150273314,27718.88547266319 
PLINE 59746.21262086155,21268.88547266313 59746.21262086155,21381.299541808272 
PLINE 59746.21262086155,21381.299541808272 59746.21262086155,27613.401352514386 
PLINE 59746.21262086155,27613.401352514386 59746.21262086155,27718.88547266319 
PLINE 39923.241100259904,12868.885472663189 39923.241100259904,12920.895122173359 
PLINE 39923.241100259904,12920.895122173359 39923.241100259904,12975.57221843046 
PLINE 39923.241100259904,12975.57221843046 39923.241100259904,13140.980528644417 
PLINE 39923.241100259904,13140.980528644417 39923.241100259904,16093.006806281544 
PLINE 39923.241100259904,16093.006806281544 39923.241100259904,19204.61386859408 
PLINE 39923.241100259904,19204.61386859408 39923.241100259904,19318.88547266319 
PLINE 46771.21262086155,18868.88547266319 46771.21262086155,19204.61386859408 
PLINE 46771.21262086155,19204.61386859408 46771.21262086155,19318.88547266319 
PLINE 46321.21262086155,18868.88547266319 46321.21262086155,19204.61386859408 
PLINE 46321.21262086155,19204.61386859408 46321.21262086155,19318.88547266319 
PLINE 53371.21262086157,21268.88547266319 53371.21262086157,21381.299541808272 
PLINE 53371.21262086157,21381.299541808272 53371.21262086157,21718.88547266319 
PLINE 52921.21262086157,21268.88547266319 52921.21262086157,21381.299541808272 
PLINE 52921.21262086157,21381.299541808272 52921.21262086157,21718.88547266319 
PLINE 53140.68884287432,12868.885472663189 53140.68884287432,12974.4890260634 
PLINE 53140.68884287432,12974.4890260634 53140.68884287432,19139.356059165842 
PLINE 53140.68884287432,19139.356059165842 53140.68884287432,19318.88547266319 
PLINE 46771.21262086155,12868.885472663189 46771.21262086155,12868.88547266319 
PLINE 46771.21262086155,12868.88547266319 46771.21262086155,13318.885472663189 
PLINE 46771.21262086155,13318.885472663189 46771.21262086155,13318.88547266319 
PLINE 46321.21262086155,12868.885472663189 46321.21262086155,12868.88547266319 
PLINE 46321.21262086155,12868.88547266319 46321.21262086155,13318.885472663189 
PLINE 46321.21262086155,13318.885472663189 46321.21262086155,13318.88547266319 
PLINE 59746.208788574506,12868.885472663189 59746.208788574506,12974.4890260634 
PLINE 59746.208788574506,12974.4890260634 59746.208788574506,19139.356059165842 
PLINE 59746.208788574506,19139.356059165842 59746.208788574506,19318.93383679573 
PLINE 79537.07966873857,12868.885472663189 79537.07966873857,12974.4890260634 
PLINE 79537.07966873857,12974.4890260634 79537.07966873857,19139.356059165842 
PLINE 79537.07966873857,19139.356059165842 79537.07966873857,19318.88547266319 
PLINE 72946.21262086155,12868.885472663189 72946.21262086155,12974.4890260634 
PLINE 72946.21262086155,12974.4890260634 72946.21262086155,19139.356059165842 
PLINE 72946.21262086155,19139.356059165842 72946.21262086155,19318.88547266319 
PLINE 66360.3468299572,12868.885472663189 66360.3468299572,12974.4890260634 
PLINE 66360.3468299572,12974.4890260634 66360.3468299572,19139.356059165842 
PLINE 66360.3468299572,19139.356059165842 66360.3468299572,19322.04181600002 
PLINE 66346.21262086151,21268.88547266319 66346.21262086151,21381.299541808272 
PLINE 66346.21262086151,21381.299541808272 66346.21262086151,27613.401352514386 
PLINE 66346.21262086151,27613.401352514386 66346.21262086151,27718.88547266319 
PLINE 72921.02465093676,21268.88547266313 72921.02465093676,21381.299541808272 
PLINE 72921.02465093676,21381.299541808272 72921.02465093676,23495.274824550135 
PLINE 72921.02465093676,23495.274824550135 72921.02465093676,27613.401352514386 
PLINE 72921.02465093676,27613.401352514386 72921.02465093676,27620.792828438796 
PLINE 72921.02465093676,27620.792828438796 72921.02465093676,27718.88547266319 
PLINE 79567.74215432892,21268.88547266313 79567.74215432892,21378.818400940472 
PLINE 79567.74215432892,21378.818400940472 79567.74215432892,23495.274824550135 
PLINE 79567.74215432892,23495.274824550135 79567.74215432892,27612.391980760363 
PLINE 79567.74215432892,27612.391980760363 79567.74215432892,27624.123882464686 
PLINE 79567.74215432892,27624.123882464686 79567.74215432892,27718.88547266319 
PLINE 99456.21262086154,12868.885472663189 99456.21262086154,12868.88547266319 
PLINE 99456.21262086154,12868.88547266319 99456.21262086154,12901.268163127243 
PLINE 99456.21262086154,12901.268163127243 99456.21262086154,13318.885472663189 
PLINE 99456.21262086154,13318.885472663189 99456.21262086154,14093.88547266319 
PLINE 99456.21262086154,14093.88547266319 99456.21262086154,16493.88547266319 
PLINE 99456.21262086154,16493.88547266319 99456.21262086154,17594.060297838016 
PLINE 99456.21262086154,17594.060297838016 99456.21262086154,21378.818400940472 
PLINE 99456.21262086154,21378.818400940472 99456.21262086154,21718.88547266319 
PLINE 99456.21262086154,21718.88547266319 99456.21262086154,21774.683495089863 
PLINE 86121.40346055623,12868.885472663189 86121.40346055623,12974.4890260634 
PLINE 86121.40346055623,12974.4890260634 86121.40346055623,14311.627408147062 
PLINE 86121.40346055623,14311.627408147062 86121.40346055623,16718.88547266319 
PLINE 86121.40346055623,16718.88547266319 86121.40346055623,19220.332524649846 
PLINE 86121.40346055623,19220.332524649846 86121.40346055623,19318.88547266319 
PLINE 15571.21262086151,21268.88547266313 15571.21262086151,21381.299541808272 
PLINE 15571.21262086151,21381.299541808272 15571.21262086151,21468.88547266315 
PLINE 24721.21262086151,21268.88547266313 24721.21262086151,21381.299541808272 
PLINE 24721.21262086151,21381.299541808272 24721.21262086151,21468.88547266315 
PLINE 28771.212620861523,21268.88547266313 28771.212620861523,21381.299541808272 
PLINE 28771.212620861523,21381.299541808272 28771.212620861523,21468.88547266313 
PLINE 44521.21262086157,21268.88547266313 44521.21262086157,21381.299541808272 
PLINE 44521.21262086157,21381.299541808272 44521.21262086157,21468.88547266313 
PLINE 48571.21262086156,21268.88547266313 48571.21262086156,21381.299541808272 
PLINE 48571.21262086156,21381.299541808272 48571.21262086156,21468.88547266315 
PLINE 61471.21262086151,21268.88547266313 61471.21262086151,21381.299541808272 
PLINE 61471.21262086151,21381.299541808272 61471.21262086151,21468.88547266315 
PLINE 81271.21262086157,21268.88547266313 81271.21262086157,21378.818400940472 
PLINE 81271.21262086157,21378.818400940472 81271.21262086157,21468.88547266315 
PLINE 15571.21262086151,19118.88547266319 15571.21262086151,19204.61386859408 
PLINE 15571.21262086151,19204.61386859408 15571.21262086151,19318.88547266319 
PLINE 24721.21262086151,19118.88547266319 24721.21262086151,19204.61386859408 
PLINE 24721.21262086151,19204.61386859408 24721.21262086151,19318.88547266319 
PLINE 28771.212620861523,19118.88547266319 28771.212620861523,19204.61386859408 
PLINE 28771.212620861523,19204.61386859408 28771.212620861523,19318.88547266319 
PLINE 37921.21262086151,19118.88547266319 37921.21262086151,19204.61386859408 
PLINE 37921.21262086151,19204.61386859408 37921.21262086151,19318.88547266319 
PLINE 57721.21262086151,19118.88547266319 57721.21262086151,19139.356059165842 
PLINE 57721.21262086151,19139.356059165842 57721.21262086151,19318.88547266319 
PLINE 61771.21262086155,19118.88547266319 61771.21262086155,19139.356059165842 
PLINE 61771.21262086155,19139.356059165842 61771.21262086155,19318.88547266319 
PLINE 74671.21262086157,19118.88547266319 74671.21262086157,19139.356059165842 
PLINE 74671.21262086157,19139.356059165842 74671.21262086157,19318.88547266319 
PLINE 10252.02175279978,8616.564401713864 10252.02175279978,8838.547073941576 
PLINE 10252.02175279978,8838.547073941576 10252.02175279978,12868.885472663189 
PLINE 10252.02175279978,12868.885472663189 10252.02175279978,13029.4506178736 
PLINE 10252.02175279978,13029.4506178736 10252.02175279978,13411.193164970884 
PLINE 10252.02175279978,13411.193164970884 10252.02175279978,14818.88547266319 
PLINE 10252.02175279978,14818.88547266319 10252.02175279978,15457.511036157384 
PLINE 10252.02175279978,15457.511036157384 10252.02175279978,19204.61386859408 
PLINE 10252.02175279978,19204.61386859408 10252.02175279978,21381.299541808272 
PLINE 10252.02175279978,21381.299541808272 10252.02175279978,27613.401352514386 
PLINE 10252.02175279978,27613.401352514386 10252.02175279978,27718.88547266319 
PLINE 12171.21262086151,19118.88547266319 12171.21262086151,19204.61386859408 
PLINE 12171.21262086151,19204.61386859408 12171.21262086151,19318.88547266319 
PLINE 10971.21262086151,19118.88547266319 10971.21262086151,19204.61386859408 
PLINE 10971.21262086151,19204.61386859408 10971.21262086151,19318.88547266319 
PLINE 82846.21262086155,12868.885472663189 82846.21262086155,12974.4890260634 
PLINE 82846.21262086155,12974.4890260634 82846.21262086155,17118.88547266319 
PLINE 82846.21262086155,17118.88547266319 82846.21262086155,18318.88547266319 
PLINE 82846.21262086155,18318.88547266319 82846.21262086155,19118.88547266319 
PLINE 82846.21262086155,19118.88547266319 82846.21262086155,19220.332524649846 
PLINE 76246.21262086157,12868.885472663189 76246.21262086157,12974.4890260634 
PLINE 76246.21262086157,12974.4890260634 76246.21262086157,19118.88547266319 
PLINE 76246.21262086157,19118.88547266319 76246.21262086157,19139.356059165842 
PLINE 69646.2126208615,12868.885472663189 69646.2126208615,12974.4890260634 
PLINE 69646.2126208615,12974.4890260634 69646.2126208615,19118.88547266319 
PLINE 69646.2126208615,19118.88547266319 69646.2126208615,19139.356059165842 
PLINE 63046.2126208615,12868.885472663189 63046.2126208615,12974.4890260634 
PLINE 63046.2126208615,12974.4890260634 63046.2126208615,19118.88547266319 
PLINE 63046.2126208615,19118.88547266319 63046.2126208615,19139.356059165842 
PLINE 56434.45354204213,12868.885472663189 56434.45354204213,12974.4890260634 
PLINE 56434.45354204213,12974.4890260634 56434.45354204213,17110.10872403407 
PLINE 56434.45354204213,17110.10872403407 56434.45354204213,18310.10872403407 
PLINE 56434.45354204213,18310.10872403407 56434.45354204213,19118.88547266319 
PLINE 56434.45354204213,19118.88547266319 56434.45354204213,19139.356059165842 
PLINE 49852.26388463619,12868.885472663189 49852.26388463619,12956.147174964331 
PLINE 49852.26388463619,12956.147174964331 49852.26388463619,12974.4890260634 
PLINE 49852.26388463619,12974.4890260634 49852.26388463619,13199.410422072258 
PLINE 49852.26388463619,13199.410422072258 49852.26388463619,16093.006806281544 
PLINE 49852.26388463619,16093.006806281544 49852.26388463619,19139.356059165842 
PLINE 49852.26388463619,19139.356059165842 49852.26388463619,19318.88547266319 
PLINE 36650.72827349436,12868.885472663189 36650.72827349436,12975.57221843046 
PLINE 36650.72827349436,12975.57221843046 36650.72827349436,19117.24292553706 
PLINE 36650.72827349436,19117.24292553706 36650.72827349436,19204.61386859408 
PLINE 30045.420589173547,12868.885472663189 30045.420589173547,12975.57221843046 
PLINE 30045.420589173547,12975.57221843046 30045.420589173547,19118.88547266319 
PLINE 30045.420589173547,19118.88547266319 30045.420589173547,19204.61386859408 
PLINE 23445.29049391162,12868.885472663189 23445.29049391162,12975.57221843046 
PLINE 23445.29049391162,12975.57221843046 23445.29049391162,19118.88547266319 
PLINE 23445.29049391162,19118.88547266319 23445.29049391162,19204.61386859408 
PLINE 16846.438499388456,12868.885472663189 16846.438499388456,12975.57221843046 
PLINE 16846.438499388456,12975.57221843046 16846.438499388456,19118.88547266319 
PLINE 16846.438499388456,19118.88547266319 16846.438499388456,19204.61386859408 
PLINE 12496.21262086151,15357.71654859576 12496.21262086151,15457.511036157384 
PLINE 12496.21262086151,15457.511036157384 12496.21262086151,15557.71654859576 
PLINE 11296.21262086151,15357.71654859576 11296.21262086151,15457.511036157384 
PLINE 11296.21262086151,15457.511036157384 11296.21262086151,15557.71654859576 
PLINE 9171.212620861515,27518.88547266319 9171.212620861515,27613.401352514386 
PLINE 9171.212620861515,27613.401352514386 9171.212620861515,27718.88547266319 
PLINE 16846.438445581305,21381.299541808272 16846.438445581305,21468.88547266315 
PLINE 16846.438445581305,21468.88547266315 16846.438445581305,27613.401352514386 
PLINE 16846.438445581305,27613.401352514386 16846.438445581305,27718.88547266319 
PLINE 23445.29044010447,21381.299541808272 23445.29044010447,21468.88547266315 
PLINE 23445.29044010447,21468.88547266315 23445.29044010447,27613.401352514386 
PLINE 23445.29044010447,27613.401352514386 23445.29044010447,27718.88547266319 
PLINE 36650.36819016292,21381.299541808272 36650.36819016292,21468.88547266314 
PLINE 36650.36819016292,21468.88547266314 36650.36819016292,22280.1489418907 
PLINE 36650.36819016292,22280.1489418907 36650.36819016292,23879.94516066965 
PLINE 36650.36819016292,23879.94516066965 36650.36819016292,27613.401352514386 
PLINE 36650.36819016292,27613.401352514386 36650.36819016292,27718.88547266319 
PLINE 43247.513721128795,21381.299541808272 43247.513721128795,21468.88547266313 
PLINE 43247.513721128795,21468.88547266313 43247.513721128795,27613.401352514386 
PLINE 43247.513721128795,27613.401352514386 43247.513721128795,27718.88547266319 
PLINE 49852.286481542746,21268.28872385125 49852.286481542746,21381.299541808272 
PLINE 49852.286481542746,21381.299541808272 49852.286481542746,27613.401352514386 
PLINE 49852.286481542746,27613.401352514386 49852.286481542746,27718.88547266319 
PLINE 56071.21262086153,27518.88547266319 56071.21262086153,27613.401352514386 
PLINE 56071.21262086153,27613.401352514386 56071.21262086153,27718.88547266319 
PLINE 62671.21262086151,27518.88547266319 62671.21262086151,27613.401352514386 
PLINE 62671.21262086151,27613.401352514386 62671.21262086151,27718.88547266319 
PLINE 69271.21262086151,27518.88547266319 69271.21262086151,27613.401352514386 
PLINE 69271.21262086151,27613.401352514386 69271.21262086151,27718.88547266319 
PLINE 89821.21262086157,27518.88547266319 89821.21262086157,27612.391980760363 
PLINE 89821.21262086157,27612.391980760363 89821.21262086157,27718.88547266319 
PLINE 89071.21262086157,27518.88547266319 89071.21262086157,27612.391980760363 
PLINE 89071.21262086157,27612.391980760363 89071.21262086157,27718.88547266319 
PLINE 96420.46184867815,27518.88547266319 96420.46184867815,27612.391980760363 
PLINE 96420.46184867815,27612.391980760363 96420.46184867815,27718.88547266319 
PLINE 95671.21262086157,27518.88547266319 95671.21262086157,27612.391980760363 
PLINE 95671.21262086157,27612.391980760363 95671.21262086157,27718.88547266319 
PLINE 50996.21262086156,19118.88547266319 50996.21262086156,19139.356059165842 
PLINE 50996.21262086156,19139.356059165842 50996.21262086156,19318.88547266319 
PLINE 52496.21262086155,19118.88547266319 52496.21262086155,19139.356059165842 
PLINE 52496.21262086155,19139.356059165842 52496.21262086155,19318.88547266319 
PLINE 71221.21262086157,21268.88547266313 71221.21262086157,21381.299541808272 
PLINE 71221.21262086157,21381.299541808272 71221.21262086157,21468.88547266315 
PLINE 71221.21262086157,19118.88547266319 71221.21262086157,19139.356059165842 
PLINE 71221.21262086157,19139.356059165842 71221.21262086157,19318.88547266319 
PLINE 70021.21262086154,27518.88547266319 70021.21262086154,27613.401352514386 
PLINE 70021.21262086154,27613.401352514386 70021.21262086154,27718.88547266319 
PLINE 58021.21262086155,21268.88547266313 58021.21262086155,21381.299541808272 
PLINE 58021.21262086155,21381.299541808272 58021.21262086155,21468.88547266313 
PLINE 56821.21262086153,27518.88547266319 56821.21262086153,27613.401352514386 
PLINE 56821.21262086153,27613.401352514386 56821.21262086153,27718.88547266319 
PLINE 63421.21262086153,27518.88547266319 63421.21262086153,27613.401352514386 
PLINE 63421.21262086153,27613.401352514386 63421.21262086153,27718.88547266319 
PLINE NaN,21268.88547266313 NaN,21268.88547266313 
PLINE 84421.21262086157,19118.88547266319 84421.21262086157,19220.332524649846 
PLINE 84421.21262086157,19220.332524649846 84421.21262086157,19318.88547266319 
PLINE 77821.21262086157,19118.88547266319 77821.21262086157,19139.356059165842 
PLINE 77821.21262086157,19139.356059165842 77821.21262086157,19318.88547266319 
PLINE 83221.21262086157,27518.88547266319 83221.21262086157,27612.391980760363 
PLINE 83221.21262086157,27612.391980760363 83221.21262086157,27718.88547266319 
PLINE 92644.85737288,12868.885472663182 92644.85737288,12893.726996472702 
PLINE 92644.85737288,12893.726996472702 92644.85737288,12974.4890260634 
PLINE 92644.85737288,12974.4890260634 92644.85737288,15768.88547266319 
PLINE 92644.85737288,15768.88547266319 92644.85737288,17594.060297838016 
PLINE 92644.85737288,17594.060297838016 92644.85737288,17718.88547266319 
PLINE 90121.21262086052,12868.88547266319 90121.21262086052,12974.4890260634 
PLINE 90121.21262086052,12974.4890260634 90121.21262086052,13068.8854726632 
PLINE 89353.23153864944,12974.4890260634 89353.23153864944,13068.88547266319 
PLINE 89353.23153864944,13068.88547266319 89353.23153864944,14311.627408147062 
PLINE 89353.23153864944,14311.627408147062 89353.23153864944,15018.88547266318 
PLINE 89353.23153864944,15018.88547266318 89353.23153864944,15018.88547266318 
PLINE 89353.00030380541,18517.0698170117 89353.00030380541,18517.0698170117 
PLINE 89353.00030380541,18517.0698170117 89353.00030380541,19220.332524649846 
PLINE 89353.00030380541,19220.332524649846 89353.00030380541,21272.59522656534 
PLINE 89353.00030380541,21272.59522656534 89353.00030380541,21378.818400940472 
PLINE 89357.28443477182,16218.88547266319 89357.28443477182,16218.88547266319 
PLINE 89357.28443477182,16218.88547266319 89357.28443477182,16718.88547266319 
PLINE 89357.28443477182,16718.88547266319 89357.28443477182,17222.07984361823 
PLINE 89357.28443477182,17222.07984361823 89357.28443477182,17222.07984361823 
PLINE 3821.212620861515,21268.88547266319 3821.212620861515,21381.299541808272 
PLINE 3821.212620861515,21381.299541808272 3821.212620861515,21468.88547266319 
PLINE 3821.212620861515,19118.88547266319 3821.212620861515,19204.861082419287 
PLINE 3821.212620861515,19204.861082419287 3821.212620861515,19318.88547266319 
PLINE 81231.92690657586,18518.88547266319 81231.92690657586,19139.356059165842 
PLINE 81231.92690657586,19139.356059165842 81231.92690657586,19220.332524649846 
PLINE 81231.92690657586,19220.332524649846 81231.92690657586,19318.88547266319 
PLINE 82060.49833514729,18318.88547266319 82060.49833514729,19118.88547266319 
PLINE 82060.49833514729,19118.88547266319 82060.49833514729,19139.356059165842 
PLINE 82060.49833514729,19139.356059165842 82060.49833514729,19220.332524649846 
PLINE 82471.21262086157,27518.88547266319 82471.21262086157,27612.391980760363 
PLINE 82471.21262086157,27612.391980760363 82471.21262086157,27718.88547266319 
PLINE 76241.27128512975,23393.88547266319 76241.27128512975,23495.274824550135 
PLINE 76241.27128512975,23495.274824550135 76241.27128512975,28693.88547266319 
PLINE 76241.27128512975,28693.88547266319 76241.27128512975,28798.321376416352 
PLINE 78747.2992898421,23390.81364526897 78747.2992898421,23495.274824550135 
PLINE 78747.2992898421,23495.274824550135 78747.2992898421,23590.81313017131 
PLINE 77636.98528921253,21270.80965086756 77636.98528921253,21378.818400940472 
PLINE 77636.98528921253,21378.818400940472 77636.98528921253,23495.274824550135 
PLINE 77636.98528921253,23495.274824550135 77636.98528921253,23593.88547266319 
PLINE 73643.10428539084,23393.88547266319 73643.10428539084,23495.274824550135 
PLINE 73643.10428539084,23495.274824550135 73643.10428539084,23593.88547266319 
PLINE 74854.63848697384,21268.88547266319 74854.63848697384,21381.299541808272 
PLINE 74854.63848697384,21381.299541808272 74854.63848697384,23495.274824550135 
PLINE 74854.63848697384,23495.274824550135 74854.63848697384,23593.88547266319 
PLINE 11521.21262086128,21268.88547266313 11521.21262086128,21381.299541808272 
PLINE 11521.21262086128,21381.299541808272 11521.21262086128,21468.88547266313 
PLINE 30051.313573390093,21381.299541808272 30051.313573390093,21468.88547266314 
PLINE 30051.313573390093,21468.88547266314 30051.313573390093,27613.401352514386 
PLINE 30051.313573390093,27613.401352514386 30051.313573390093,27718.88547266319 
PLINE 8268.160067084784,21269.04752001969 8268.160067084784,21381.299541808272 
PLINE 8268.160067084784,21381.299541808272 8268.160067084784,21469.04752001971 
PLINE 18135.31960401176,21266.73627249001 18135.31960401176,21381.299541808272 
PLINE 18135.31960401176,21381.299541808272 18135.31960401176,21466.73627249001 
PLINE 18115.28740238629,19118.94313137378 18115.28740238629,19204.61386859408 
PLINE 18115.28740238629,19204.61386859408 18115.28740238629,19318.94313137378 
PLINE 22147.819897212426,21269.8617137728 22147.819897212426,21381.299541808272 
PLINE 22147.819897212426,21381.299541808272 22147.819897212426,21469.8617137728 
PLINE 22161.928986098945,19119.35088774539 22161.928986098945,19204.61386859408 
PLINE 22161.928986098945,19204.61386859408 22161.928986098945,19319.35088774539 
PLINE 31320.0792872368,21273.48102263877 31320.0792872368,21381.299541808272 
PLINE 31320.0792872368,21381.299541808272 31320.0792872368,21473.4810226388 
PLINE 35370.07928723681,21273.48102263877 35370.07928723681,21381.299541808272 
PLINE 35370.07928723681,21381.299541808272 35370.07928723681,21473.48102263877 
PLINE 31321.32753870017,19115.30629878203 31321.32753870017,19204.61386859408 
PLINE 31321.32753870017,19204.61386859408 31321.32753870017,19315.30629878204 
PLINE 35371.32753870019,19115.30629878203 35371.32753870019,19204.61386859408 
PLINE 35371.32753870019,19204.61386859408 35371.32753870019,19315.30629878204 
PLINE 41958.830628183314,21269.37877496483 41958.830628183314,21381.299541808272 
PLINE 41958.830628183314,21381.299541808272 41958.830628183314,21469.37877496483 
PLINE 47936.51913432643,15986.28376940942 47936.51913432643,16093.006806281544 
PLINE 47936.51913432643,16093.006806281544 47936.51913432643,16186.28376940942 
PLINE 51444.0559059424,21268.28872385125 51444.0559059424,21381.299541808272 
PLINE 51444.0559059424,21381.299541808272 51444.0559059424,21468.28872385127 
PLINE 64331.28062634477,19117.03116099357 64331.28062634477,19139.356059165842 
PLINE 64331.28062634477,19139.356059165842 64331.28062634477,19317.03116099357 
PLINE 68376.1719940799,19122.04181600002 68376.1719940799,19139.356059165842 
PLINE 68376.1719940799,19139.356059165842 68376.1719940799,19322.04181600002 
PLINE 91022.58921238089,21272.59522656532 91022.58921238089,21378.818400940472 
PLINE 91022.58921238089,21378.818400940472 91022.58921238089,21472.59522656534 
PLINE 41354.75051749775,11368.884634966424 41446.21262086157,11368.884634966424 
PLINE 41446.21262086157,11368.884634966424 41538.22565711833,11368.884634966424 
PLINE 41538.22565711833,11368.884634966424 48364.96529556557,11368.884634966424 
PLINE 48364.96529556557,11368.884634966424 48446.21262086157,11368.884634966424 
PLINE 48446.21262086157,11368.884634966424 48529.54292171249,11368.884634966424 
PLINE 5321.212620861513,12868.885472663189 5433.862842240389,12868.885472663189 
PLINE 5433.862842240389,12868.885472663189 5621.839779917525,12868.885472663189 
PLINE 5621.839779917525,12868.885472663189 5771.212620861513,12868.885472663189 
PLINE 5321.212620861513,13318.885472663189 5433.862842240389,13318.885472663189 
PLINE 5433.862842240389,13318.885472663189 5771.212620861513,13318.885472663189 
PLINE 99121.21262086157,12868.885472663189 99419.09100008567,12868.885472663189 
PLINE 99419.09100008567,12868.885472663189 99456.21262086154,12868.885472663189 
PLINE 99456.21262086154,12868.885472663189 99571.21262086157,12868.885472663189 
PLINE 99121.21262086157,13318.885472663189 99456.21262086154,13318.885472663189 
PLINE 99456.21262086154,13318.885472663189 99571.21262086157,13318.885472663189 
PLINE 77543.96490295514,21378.818400940472 77636.98528921253,21378.818400940472 
PLINE 77636.98528921253,21378.818400940472 79567.74215432892,21378.818400940472 
PLINE 79567.74215432892,21378.818400940472 81271.21262086157,21378.818400940472 
PLINE 81271.21262086157,21378.818400940472 86146.21262086157,21378.818400940472 
PLINE 86146.21262086157,21378.818400940472 89353.00030380541,21378.818400940472 
PLINE 89353.00030380541,21378.818400940472 91022.58921238089,21378.818400940472 
PLINE 91022.58921238089,21378.818400940472 92737.98212591557,21378.818400940472 
PLINE 92737.98212591557,21378.818400940472 99050.39870603959,21378.818400940472 
PLINE 99050.39870603959,21378.818400940472 99456.21262086154,21378.818400940472 
PLINE 99456.21262086154,21378.818400940472 99571.21262086157,21378.818400940472 
PLINE 81146.21262086157,19220.332524649846 81231.92690657586,19220.332524649846 
PLINE 81231.92690657586,19220.332524649846 82060.49833514729,19220.332524649846 
PLINE 82060.49833514729,19220.332524649846 82846.21262086155,19220.332524649846 
PLINE 82846.21262086155,19220.332524649846 84421.21262086157,19220.332524649846 
PLINE 84421.21262086157,19220.332524649846 86121.40346055623,19220.332524649846 
PLINE 86121.40346055623,19220.332524649846 89353.00030380541,19220.332524649846 
PLINE 89353.00030380541,19220.332524649846 89446.38713359139,19220.332524649846 
PLINE 13321.21262086151,12975.57221843046 13571.290965738268,12975.57221843046 
PLINE 13571.290965738268,12975.57221843046 16846.438499388456,12975.57221843046 
PLINE 16846.438499388456,12975.57221843046 20141.831684351222,12975.57221843046 
PLINE 20141.831684351222,12975.57221843046 23445.29049391162,12975.57221843046 
PLINE 23445.29049391162,12975.57221843046 26746.212620861523,12975.57221843046 
PLINE 26746.212620861523,12975.57221843046 30045.420589173547,12975.57221843046 
PLINE 30045.420589173547,12975.57221843046 33346.215880942036,12975.57221843046 
PLINE 33346.215880942036,12975.57221843046 36650.72827349436,12975.57221843046 
PLINE 36650.72827349436,12975.57221843046 39872.80923859116,12975.57221843046 
PLINE 39872.80923859116,12975.57221843046 39923.241100259904,12975.57221843046 
PLINE 39923.241100259904,12975.57221843046 40073.984560320154,12975.57221843046 
PLINE 40073.984560320154,12975.57221843046 40171.21262086151,12975.57221843046 
PLINE 3821.212620861515,21381.299541808272 3821.212620861515,21381.299541808272 
PLINE 3821.212620861515,21381.299541808272 5433.862842240389,21381.299541808272 
PLINE 5433.862842240389,21381.299541808272 6166.722953398156,21381.299541808272 
PLINE 6166.722953398156,21381.299541808272 8268.160067084784,21381.299541808272 
PLINE 8268.160067084784,21381.299541808272 10252.02175279978,21381.299541808272 
PLINE 10252.02175279978,21381.299541808272 11521.21262086128,21381.299541808272 
PLINE 11521.21262086128,21381.299541808272 13546.21262086151,21381.299541808272 
PLINE 13546.21262086151,21381.299541808272 15571.21262086151,21381.299541808272 
PLINE 15571.21262086151,21381.299541808272 16846.438445581305,21381.299541808272 
PLINE 16846.438445581305,21381.299541808272 18135.31960401176,21381.299541808272 
PLINE 18135.31960401176,21381.299541808272 20141.91565497535,21381.299541808272 
PLINE 20141.91565497535,21381.299541808272 22147.819897212426,21381.299541808272 
PLINE 22147.819897212426,21381.299541808272 23445.29044010447,21381.299541808272 
PLINE 23445.29044010447,21381.299541808272 24721.21262086151,21381.299541808272 
PLINE 24721.21262086151,21381.299541808272 26738.65866402699,21381.299541808272 
PLINE 26738.65866402699,21381.299541808272 28771.212620861523,21381.299541808272 
PLINE 28771.212620861523,21381.299541808272 30051.313573390093,21381.299541808272 
PLINE 30051.313573390093,21381.299541808272 31320.0792872368,21381.299541808272 
PLINE 31320.0792872368,21381.299541808272 33346.18039945336,21381.299541808272 
PLINE 33346.18039945336,21381.299541808272 35370.07928723681,21381.299541808272 
PLINE 35370.07928723681,21381.299541808272 36650.36819016292,21381.299541808272 
PLINE 36650.36819016292,21381.299541808272 39954.446391009034,21381.299541808272 
PLINE 39954.446391009034,21381.299541808272 41958.830628183314,21381.299541808272 
PLINE 41958.830628183314,21381.299541808272 43247.513721128795,21381.299541808272 
PLINE 43247.513721128795,21381.299541808272 44521.21262086157,21381.299541808272 
PLINE 44521.21262086157,21381.299541808272 46553.83464386893,21381.299541808272 
PLINE 46553.83464386893,21381.299541808272 48571.21262086156,21381.299541808272 
PLINE 48571.21262086156,21381.299541808272 49852.286481542746,21381.299541808272 
PLINE 49852.286481542746,21381.299541808272 51444.0559059424,21381.299541808272 
PLINE 51444.0559059424,21381.299541808272 52921.21262086157,21381.299541808272 
PLINE 52921.21262086157,21381.299541808272 53371.21262086157,21381.299541808272 
PLINE 53371.21262086157,21381.299541808272 58021.21262086155,21381.299541808272 
PLINE 58021.21262086155,21381.299541808272 59746.21262086155,21381.299541808272 
PLINE 59746.21262086155,21381.299541808272 61471.21262086151,21381.299541808272 
PLINE 61471.21262086151,21381.299541808272 66346.21262086151,21381.299541808272 
PLINE 66346.21262086151,21381.299541808272 71221.21262086157,21381.299541808272 
PLINE 71221.21262086157,21381.299541808272 72921.02465093676,21381.299541808272 
PLINE 72921.02465093676,21381.299541808272 74854.63848697384,21381.299541808272 
PLINE 74854.63848697384,21381.299541808272 74955.39738502874,21381.299541808272 
PLINE 46321.21262086156,12868.885472663189 46321.21262086155,12868.885472663189 
PLINE 46321.21262086155,12868.885472663189 46771.21262086156,12868.885472663189 
PLINE 46771.21262086156,12868.885472663189 46771.21262086155,12868.885472663189 
PLINE 46321.21262086156,13318.885472663189 46321.21262086155,13318.885472663189 
PLINE 46321.21262086155,13318.885472663189 46771.21262086156,13318.885472663189 
PLINE 46771.21262086156,13318.885472663189 46771.21262086155,13318.885472663189 
PLINE 49746.21262086157,19139.356059165842 49852.26388463619,19139.356059165842 
PLINE 49852.26388463619,19139.356059165842 50996.21262086156,19139.356059165842 
PLINE 50996.21262086156,19139.356059165842 52496.21262086155,19139.356059165842 
PLINE 52496.21262086155,19139.356059165842 53140.68884287432,19139.356059165842 
PLINE 53140.68884287432,19139.356059165842 56434.45354204213,19139.356059165842 
PLINE 56434.45354204213,19139.356059165842 57721.21262086151,19139.356059165842 
PLINE 57721.21262086151,19139.356059165842 59746.208788574506,19139.356059165842 
PLINE 59746.208788574506,19139.356059165842 61771.21262086155,19139.356059165842 
PLINE 61771.21262086155,19139.356059165842 63046.2126208615,19139.356059165842 
PLINE 63046.2126208615,19139.356059165842 64331.28062634477,19139.356059165842 
PLINE 64331.28062634477,19139.356059165842 66360.3468299572,19139.356059165842 
PLINE 66360.3468299572,19139.356059165842 68376.1719940799,19139.356059165842 
PLINE 68376.1719940799,19139.356059165842 69646.2126208615,19139.356059165842 
PLINE 69646.2126208615,19139.356059165842 71221.21262086157,19139.356059165842 
PLINE 71221.21262086157,19139.356059165842 72946.21262086155,19139.356059165842 
PLINE 72946.21262086155,19139.356059165842 74671.21262086157,19139.356059165842 
PLINE 74671.21262086157,19139.356059165842 76246.21262086157,19139.356059165842 
PLINE 76246.21262086157,19139.356059165842 77821.21262086157,19139.356059165842 
PLINE 77821.21262086157,19139.356059165842 79537.07966873857,19139.356059165842 
PLINE 79537.07966873857,19139.356059165842 81231.92690657586,19139.356059165842 
PLINE 81231.92690657586,19139.356059165842 82060.49833514729,19139.356059165842 
PLINE 82060.49833514729,19139.356059165842 82146.21262086157,19139.356059165842 
PLINE 79321.21262086157,27612.391980760363 79567.74215432892,27612.391980760363 
PLINE 79567.74215432892,27612.391980760363 79580.34061024363,27612.391980760363 
PLINE 79580.34061024363,27612.391980760363 82471.21262086157,27612.391980760363 
PLINE 82471.21262086157,27612.391980760363 83221.21262086157,27612.391980760363 
PLINE 83221.21262086157,27612.391980760363 86146.21262086157,27612.391980760363 
PLINE 86146.21262086157,27612.391980760363 89071.21262086157,27612.391980760363 
PLINE 89071.21262086157,27612.391980760363 89821.21262086157,27612.391980760363 
PLINE 89821.21262086157,27612.391980760363 92737.98212591557,27612.391980760363 
PLINE 92737.98212591557,27612.391980760363 95671.21262086157,27612.391980760363 
PLINE 95671.21262086157,27612.391980760363 96420.46184867815,27612.391980760363 
PLINE 96420.46184867815,27612.391980760363 99006.49789389959,27612.391980760363 
PLINE 99006.49789389959,27612.391980760363 99571.21262086157,27612.391980760363 
PLINE 99571.21262086157,27612.391980760363 102456.58871699426,27612.391980760363 
PLINE 102456.58871699426,27612.391980760363 105440.6334985084,27612.391980760363 
PLINE 105440.6334985084,27612.391980760363 105872.6500211091,27612.391980760363 
PLINE 6021.212620861514,27613.401352514386 6166.722953398156,27613.401352514386 
PLINE 6166.722953398156,27613.401352514386 9171.212620861515,27613.401352514386 
PLINE 9171.212620861515,27613.401352514386 10252.02175279978,27613.401352514386 
PLINE 10252.02175279978,27613.401352514386 13546.21262086151,27613.401352514386 
PLINE 13546.21262086151,27613.401352514386 16846.438445581305,27613.401352514386 
PLINE 16846.438445581305,27613.401352514386 20141.91565497535,27613.401352514386 
PLINE 20141.91565497535,27613.401352514386 23445.29044010447,27613.401352514386 
PLINE 23445.29044010447,27613.401352514386 26738.65866402699,27613.401352514386 
PLINE 26738.65866402699,27613.401352514386 30051.313573390093,27613.401352514386 
PLINE 30051.313573390093,27613.401352514386 33346.18039945336,27613.401352514386 
PLINE 33346.18039945336,27613.401352514386 36650.36819016292,27613.401352514386 
PLINE 36650.36819016292,27613.401352514386 39954.446391009034,27613.401352514386 
PLINE 39954.446391009034,27613.401352514386 43247.513721128795,27613.401352514386 
PLINE 43247.513721128795,27613.401352514386 46553.83464386893,27613.401352514386 
PLINE 46553.83464386893,27613.401352514386 49852.286481542746,27613.401352514386 
PLINE 49852.286481542746,27613.401352514386 52780.036150273314,27613.401352514386 
PLINE 52780.036150273314,27613.401352514386 53512.38909144978,27613.401352514386 
PLINE 53512.38909144978,27613.401352514386 56071.21262086153,27613.401352514386 
PLINE 56071.21262086153,27613.401352514386 56821.21262086153,27613.401352514386 
PLINE 56821.21262086153,27613.401352514386 59746.21262086155,27613.401352514386 
PLINE 59746.21262086155,27613.401352514386 62671.21262086151,27613.401352514386 
PLINE 62671.21262086151,27613.401352514386 63421.21262086153,27613.401352514386 
PLINE 63421.21262086153,27613.401352514386 66346.21262086151,27613.401352514386 
PLINE 66346.21262086151,27613.401352514386 69271.21262086151,27613.401352514386 
PLINE 69271.21262086151,27613.401352514386 70021.21262086154,27613.401352514386 
PLINE 70021.21262086154,27613.401352514386 72913.05766030883,27613.401352514386 
PLINE 72913.05766030883,27613.401352514386 72921.02465093676,27613.401352514386 
PLINE 72921.02465093676,27613.401352514386 73171.21262086157,27613.401352514386 
PLINE 49669.51569431177,12974.4890260634 49746.21262086157,12974.4890260634 
PLINE 49746.21262086157,12974.4890260634 49852.26388463619,12974.4890260634 
PLINE 49852.26388463619,12974.4890260634 49867.548785738676,12974.4890260634 
PLINE 49867.548785738676,12974.4890260634 53140.68884287432,12974.4890260634 
PLINE 53140.68884287432,12974.4890260634 56434.45354204213,12974.4890260634 
PLINE 56434.45354204213,12974.4890260634 59746.208788574506,12974.4890260634 
PLINE 59746.208788574506,12974.4890260634 63046.2126208615,12974.4890260634 
PLINE 63046.2126208615,12974.4890260634 66360.3468299572,12974.4890260634 
PLINE 66360.3468299572,12974.4890260634 69646.2126208615,12974.4890260634 
PLINE 69646.2126208615,12974.4890260634 72946.21262086155,12974.4890260634 
PLINE 72946.21262086155,12974.4890260634 76246.21262086157,12974.4890260634 
PLINE 76246.21262086157,12974.4890260634 79537.07966873857,12974.4890260634 
PLINE 79537.07966873857,12974.4890260634 82846.21262086155,12974.4890260634 
PLINE 82846.21262086155,12974.4890260634 86121.40346055623,12974.4890260634 
PLINE 86121.40346055623,12974.4890260634 89353.23153864944,12974.4890260634 
PLINE 89353.23153864944,12974.4890260634 90121.21262086052,12974.4890260634 
PLINE 90121.21262086052,12974.4890260634 92552.27650969067,12974.4890260634 
PLINE 92552.27650969067,12974.4890260634 92644.85737288,12974.4890260634 
PLINE 92644.85737288,12974.4890260634 92971.21262086157,12974.4890260634 
PLINE 3821.212620861515,19204.861082419287 3821.212620861515,19204.861082419287 
PLINE 3821.212620861515,19204.861082419287 5433.862842240389,19204.861082419287 
PLINE 5433.862842240389,19204.861082419287 5771.212620861513,19204.861082419287 
PLINE 10021.21262086151,19204.61386859408 10252.02175279978,19204.61386859408 
PLINE 10252.02175279978,19204.61386859408 10971.21262086151,19204.61386859408 
PLINE 10971.21262086151,19204.61386859408 12171.21262086151,19204.61386859408 
PLINE 12171.21262086151,19204.61386859408 13571.290965738268,19204.61386859408 
PLINE 13571.290965738268,19204.61386859408 15571.21262086151,19204.61386859408 
PLINE 15571.21262086151,19204.61386859408 16846.438499388456,19204.61386859408 
PLINE 16846.438499388456,19204.61386859408 18115.28740238629,19204.61386859408 
PLINE 18115.28740238629,19204.61386859408 20141.831684351222,19204.61386859408 
PLINE 20141.831684351222,19204.61386859408 22161.928986098945,19204.61386859408 
PLINE 22161.928986098945,19204.61386859408 23445.29049391162,19204.61386859408 
PLINE 23445.29049391162,19204.61386859408 24721.21262086151,19204.61386859408 
PLINE 24721.21262086151,19204.61386859408 26746.212620861523,19204.61386859408 
PLINE 26746.212620861523,19204.61386859408 28771.212620861523,19204.61386859408 
PLINE 28771.212620861523,19204.61386859408 30045.420589173547,19204.61386859408 
PLINE 30045.420589173547,19204.61386859408 31321.32753870017,19204.61386859408 
PLINE 31321.32753870017,19204.61386859408 33346.215880942036,19204.61386859408 
PLINE 33346.215880942036,19204.61386859408 35371.32753870019,19204.61386859408 
PLINE 35371.32753870019,19204.61386859408 36650.72827349436,19204.61386859408 
PLINE 36650.72827349436,19204.61386859408 37921.21262086151,19204.61386859408 
PLINE 37921.21262086151,19204.61386859408 39923.241100259904,19204.61386859408 
PLINE 39923.241100259904,19204.61386859408 46321.21262086155,19204.61386859408 
PLINE 46321.21262086155,19204.61386859408 46771.21262086156,19204.61386859408 
PLINE 46771.21262086156,19204.61386859408 46771.21262086155,19204.61386859408 
PLINE 10021.21262086151,12868.885472663189 10092.943826561504,12868.885472663189 
PLINE 10092.943826561504,12868.885472663189 10252.02175279978,12868.885472663189 
PLINE 10252.02175279978,12868.885472663189 10471.21262086151,12868.885472663189 
PLINE 10021.21262086151,13411.193164970884 10252.02175279978,13411.193164970884 
PLINE 10252.02175279978,13411.193164970884 10471.21262086151,13411.193164970884 
PLINE 10252.02175279978,15457.511036157384 10346.96428673753,15457.511036157384 
PLINE 10346.96428673753,15457.511036157384 11296.21262086151,15457.511036157384 
PLINE 11296.21262086151,15457.511036157384 12496.21262086151,15457.511036157384 
PLINE 12496.21262086151,15457.511036157384 13423.59310492073,15457.511036157384 
PLINE 13423.59310492073,15457.511036157384 13571.290965738268,15457.511036157384 
PLINE 39923.241100259904,16093.006806281544 40046.21262086156,16093.006806281544 
PLINE 40046.21262086156,16093.006806281544 47936.51913432643,16093.006806281544 
PLINE 47936.51913432643,16093.006806281544 49736.51913432643,16093.006806281544 
PLINE 49736.51913432643,16093.006806281544 49852.26388463619,16093.006806281544 
PLINE 82746.21262086157,18318.88547266319 82846.21262086155,18318.88547266319 
PLINE 82846.21262086155,18318.88547266319 82946.21262086157,18318.88547266319 
PLINE 82746.21262086157,17118.88547266319 82846.21262086155,17118.88547266319 
PLINE 82846.21262086155,17118.88547266319 82946.21262086157,17118.88547266319 
PLINE 92521.21262086157,17594.060297838016 92644.85737288,17594.060297838016 
PLINE 92644.85737288,17594.060297838016 99456.21262086154,17594.060297838016 
PLINE 99456.21262086154,17594.060297838016 99571.21262086157,17594.060297838016 
PLINE 99371.21262086157,16493.88547266319 99456.21262086154,16493.88547266319 
PLINE 99456.21262086154,16493.88547266319 99571.21262086157,16493.88547266319 
PLINE 99371.21262086157,14093.88547266319 99456.21262086154,14093.88547266319 
PLINE 99456.21262086154,14093.88547266319 99571.21262086157,14093.88547266319 
PLINE 92521.21262086157,15768.88547266319 92644.85737288,15768.88547266319 
PLINE 92644.85737288,15768.88547266319 92721.21262086157,15768.88547266319 
PLINE 86121.40346055623,14311.627408147062 86246.21262086157,14311.627408147062 
PLINE 86246.21262086157,14311.627408147062 89353.23153864944,14311.627408147062 
PLINE 89353.23153864944,14311.627408147062 89446.21262086157,14311.627408147062 
PLINE 86121.40346055623,16718.88547266319 86246.21262086157,16718.88547266319 
PLINE 86246.21262086157,16718.88547266319 89246.21262086157,16718.88547266319 
PLINE 89246.21262086157,16718.88547266319 89357.28443477182,16718.88547266319 
PLINE 89246.21262086157,18517.0698170117 89353.00030380541,18517.0698170117 
PLINE 89353.00030380541,18517.0698170117 89446.21262086157,18517.0698170117 
PLINE 89246.21262086157,16218.88547266319 89357.28443477182,16218.88547266319 
PLINE 89357.28443477182,16218.88547266319 89446.21262086157,16218.88547266319 
PLINE 89246.21262086157,15018.88547266318 89353.23153864944,15018.88547266318 
PLINE 89353.23153864944,15018.88547266318 89446.21262086157,15018.88547266318 
PLINE 89246.21262086157,17222.07984361823 89357.28443477182,17222.07984361823 
PLINE 89357.28443477182,17222.07984361823 89446.21262086157,17222.07984361823 
PLINE 74146.21262086157,28798.321376416352 74190.23786380643,28798.321376416352 
PLINE 74190.23786380643,28798.321376416352 76241.27128512975,28798.321376416352 
PLINE 76241.27128512975,28798.321376416352 78306.81483533654,28798.321376416352 
PLINE 78306.81483533654,28798.321376416352 78350.92932621294,28798.321376416352 
PLINE 72921.02465093676,23495.274824550135 73046.21262086157,23495.274824550135 
PLINE 73046.21262086157,23495.274824550135 73643.10428539084,23495.274824550135 
PLINE 73643.10428539084,23495.274824550135 74854.63848697384,23495.274824550135 
PLINE 74854.63848697384,23495.274824550135 76241.27128512975,23495.274824550135 
PLINE 76241.27128512975,23495.274824550135 77636.98528921253,23495.274824550135 
PLINE 77636.98528921253,23495.274824550135 78747.2992898421,23495.274824550135 
PLINE 78747.2992898421,23495.274824550135 79446.43957834781,23495.274824550135 
PLINE 79446.43957834781,23495.274824550135 79567.74215432892,23495.274824550135 
PLINE 36551.02465768656,22280.1489418907 36650.36819016292,22280.1489418907 
PLINE 36650.36819016292,22280.1489418907 36751.02465768656,22280.1489418907 
PLINE 36551.02459626499,23879.94516066965 36650.36819016292,23879.94516066965 
PLINE 36650.36819016292,23879.94516066965 36751.02461502181,23879.94516066965 
PLINE 56333.58810845837,18310.10872403407 56434.45354204213,18310.10872403407 
PLINE 56434.45354204213,18310.10872403407 56533.58810845837,18310.10872403407 
PLINE 56333.58810845837,17110.10872403407 56434.45354204213,17110.10872403407 
PLINE 56434.45354204213,17110.10872403407 56533.58810845837,17110.10872403407 
PLINE 92648.7208795812,25412.94499788345 92737.98212591557,25412.94499788345 
PLINE 92737.98212591557,25412.94499788345 92848.7208795812,25412.94499788345 
PLINE 92648.7208795812,23812.94499788345 92737.98212591557,23812.94499788345 
PLINE 92737.98212591557,23812.94499788345 92848.7208795812,23812.94499788345 
PLINE 10146.21262086151,14818.88547266319 10252.02175279978,14818.88547266319 
PLINE 10252.02175279978,14818.88547266319 10346.21262086151,14818.88547266319 
PLINE 39923.241100259904,13140.980528644417 40073.984560320154,12975.57221843046 
PLINE 40073.984560320154,12975.57221843046 40171.212620861515,12868.88547266319 
PLINE 40171.212620861515,12868.88547266319 41447.09428430484,11468.88158593552 
PLINE 41447.09428430484,11468.88158593552 41538.22565711833,11368.884634966424 
PLINE 39872.80923859116,12975.57221843046 39923.241100259904,12920.895122173359 
PLINE 39923.241100259904,12920.895122173359 39971.21262086157,12868.88547266319 
PLINE 39971.21262086157,12868.88547266319 41354.75051749775,11368.884634966424 
PLINE 41354.75051749775,11368.884634966424 41446.98281733997,11268.88843872026 
PLINE 5433.862842240389,13032.509855987944 5621.839779917525,12868.885472663189 
PLINE 5621.839779917525,12868.885472663189 5618.903228291012,12871.44159180699 
PLINE 5618.903228291012,12871.44159180699 8022.578478898249,10779.164286656352 
PLINE 8022.578478898249,10779.164286656352 10252.02175279978,8838.547073941576 
PLINE 10252.02175279978,8838.547073941576 10507.042563848052,8616.564401713864 
PLINE 92552.27650969067,12974.4890260634 92644.85737288,12893.726996472702 
PLINE 92644.85737288,12893.726996472702 92673.33424163723,12868.88547266319 
PLINE 92673.33424163723,12868.88547266319 96046.21262086158,9926.58731206329 
PLINE 96046.21262086158,9926.58731206329 96198.33424163729,9793.885472663193 
PLINE 8970.2656249895,11806.75334054624 9005.785079104508,11771.562881905134 
PLINE 9005.785079104508,11771.562881905134 9041.304533219523,11736.37242326402 
PLINE 8053.330500144614,11096.36425824607 8196.404530358903,10954.615437259903 
PLINE 8196.404530358903,10954.615437259903 8339.478560573125,10812.8666162738 
PLINE 102456.58871699426,27612.391980760363 102545.86419885646,27518.88547266319 
PLINE 102545.86419885646,27518.88547266319 103102.99067784607,26935.355140122352 
PLINE 103102.99067784607,26935.355140122352 103895.57313300211,26105.209883946416 
PLINE 103895.57313300211,26105.209883946416 103966.11998019405,26031.3196153017 
PLINE 78204.19208210026,28893.88547266319 78306.81483533654,28798.321376416352 
PLINE 78306.81483533654,28798.321376416352 79467.94986497308,27717.05220141884 
PLINE 79467.94986497308,27717.05220141884 79567.74215432892,27624.123882464686 
PLINE 79567.74215432892,27624.123882464686 79580.34061024363,27612.391980760363 
PLINE 48364.96529556557,11368.884634966424 48446.21262086157,11468.88158593552 
PLINE 48446.21262086157,11468.88158593552 49669.51569431177,12974.4890260634 
PLINE 49669.51569431177,12974.4890260634 49746.21262086156,13068.88547266319 
PLINE 49746.21262086156,13068.88547266319 49852.26388463619,13199.410422072258 
PLINE 48446.21262086156,11268.88843872026 48529.54292171249,11368.884634966424 
PLINE 48529.54292171249,11368.884634966424 49779.54567955949,12868.88547266319 
PLINE 49779.54567955949,12868.88547266319 49852.26388463619,12956.147174964331 
PLINE 49852.26388463619,12956.147174964331 49867.548785738676,12974.4890260634 
PLINE 99050.39870603959,21378.818400940472 99108.49072182665,21435.48624908206 
PLINE 99108.49072182665,21435.48624908206 99456.21262086154,21774.683495089863 
PLINE 99456.21262086154,21774.683495089863 103895.57313300211,26105.209883946416 
PLINE 103895.57313300211,26105.209883946416 105440.6334985084,27612.391980760363 
PLINE 105440.6334985084,27612.391980760363 105549.80336847383,27718.88547266319 
PLINE 95894.09100008587,9793.885472663193 96046.21262086158,9926.58731206329 
PLINE 96046.21262086158,9926.58731206329 99419.09100008567,12868.885472663189 
PLINE 99419.09100008567,12868.885472663189 99419.0910000857,12868.88547266319 
PLINE 99419.0910000857,12868.88547266319 99456.21262086154,12901.268163127243 
PLINE 8022.578478898249,10779.164286656352 8055.968643979946,10812.8666162738 
PLINE 8055.968643979946,10812.8666162738 8196.404530358903,10954.615437259903 
PLINE 8196.404530358903,10954.615437259903 9005.785079104508,11771.562881905134 
PLINE 9005.785079104508,11771.562881905134 10092.943826561504,12868.885472663189 
PLINE 10092.943826561504,12868.885472663189 10092.943826561506,12868.88547266319 
PLINE 10092.943826561506,12868.88547266319 10252.02175279978,13029.4506178736 
PLINE 103066.8266231197,26900.8274534673 103102.99067784607,26935.355140122352 
PLINE 103102.99067784607,26935.355140122352 103139.15473257241,26969.88282677739 
PLINE 72913.05766030883,27613.401352514386 72921.02465093676,27620.792828438796 
PLINE 72921.02465093676,27620.792828438796 73024.18247511331,27716.49879941628 
PLINE 73024.18247511331,27716.49879941628 74190.23786380643,28798.321376416352 
PLINE 74190.23786380643,28798.321376416352 74293.24276660962,28893.88547266319 
