PLINE 8196.404530358903,10954.615437259903 9005.785079104508,11771.562881905134 
PLINE 69646.2126208615,12974.4890260634 72946.21262086155,12974.4890260634 
PLINE 89353.23153864944,13068.88547266319 89353.23153864944,14311.627408147062 
PLINE 47936.51913432643,16093.006806281544 49736.51913432643,16093.006806281544 
PLINE 92644.85737288,15768.88547266319 92644.85737288,17594.060297838016 
PLINE 56434.45354204213,17110.10872403407 56434.45354204213,18310.10872403407 
PLINE 82846.21262086155,17118.88547266319 82846.21262086155,18318.88547266319 
PLINE 50996.21262086156,19139.356059165842 52496.21262086155,19139.356059165842 
PLINE 57721.21262086151,19139.356059165842 59746.208788574506,19139.356059165842 
PLINE 57721.21262086151,19139.356059165842 59746.208788574506,19139.356059165842 
PLINE 59746.208788574506,19139.356059165842 61771.21262086155,19139.356059165842 
PLINE 59746.208788574506,19139.356059165842 61771.21262086155,19139.356059165842 
PLINE 64331.28062634477,19139.356059165842 66360.3468299572,19139.356059165842 
PLINE 66360.3468299572,19139.356059165842 68376.1719940799,19139.356059165842 
PLINE 72946.21262086155,19139.356059165842 74671.21262086157,19139.356059165842 
PLINE 77821.21262086157,19139.356059165842 79537.07966873857,19139.356059165842 
PLINE 10971.21262086151,19204.61386859408 12171.21262086151,19204.61386859408 
PLINE 13571.290965738268,19204.61386859408 15571.21262086151,19204.61386859408 
PLINE 18115.28740238629,19204.61386859408 20141.831684351222,19204.61386859408 
PLINE 20141.831684351222,19204.61386859408 22161.928986098945,19204.61386859408 
PLINE 24721.21262086151,19204.61386859408 26746.212620861523,19204.61386859408 
PLINE 26746.212620861523,19204.61386859408 28771.212620861523,19204.61386859408 
PLINE 31321.32753870017,19204.61386859408 33346.215880942036,19204.61386859408 
PLINE 33346.215880942036,19204.61386859408 35371.32753870019,19204.61386859408 
PLINE 37921.21262086151,19204.61386859408 39923.241100259904,19204.61386859408 
PLINE 84421.21262086157,19220.332524649846 86121.40346055623,19220.332524649846 
PLINE 89353.00030380541,19220.332524649846 89353.00030380541,21272.59522656534 
PLINE 5433.862842240389,19204.861082419287 5433.862842240389,21381.299541808272 
PLINE 10252.02175279978,19204.61386859408 10252.02175279978,21381.299541808272 
PLINE 6166.722953398156,21381.299541808272 8268.160067084784,21381.299541808272 
PLINE 11521.21262086128,21381.299541808272 13546.21262086151,21381.299541808272 
PLINE 13546.21262086151,21381.299541808272 15571.21262086151,21381.299541808272 
PLINE 18135.31960401176,21381.299541808272 20141.91565497535,21381.299541808272 
PLINE 20141.91565497535,21381.299541808272 22147.819897212426,21381.299541808272 
PLINE 24721.21262086151,21381.299541808272 26738.65866402699,21381.299541808272 
PLINE 26738.65866402699,21381.299541808272 28771.212620861523,21381.299541808272 
PLINE 31320.0792872368,21381.299541808272 33346.18039945336,21381.299541808272 
PLINE 33346.18039945336,21381.299541808272 35370.07928723681,21381.299541808272 
PLINE 39954.446391009034,21381.299541808272 41958.830628183314,21381.299541808272 
PLINE 44521.21262086157,21381.299541808272 46553.83464386893,21381.299541808272 
PLINE 46553.83464386893,21381.299541808272 48571.21262086156,21381.299541808272 
PLINE 79567.74215432892,21378.818400940472 81271.21262086157,21378.818400940472 
PLINE 36650.36819016292,22280.1489418907 36650.36819016292,23879.94516066965 
PLINE 73643.10428539084,23495.274824550135 74854.63848697384,23495.274824550135 
PLINE 74854.63848697384,23495.274824550135 76241.27128512975,23495.274824550135 
PLINE 76241.27128512975,23495.274824550135 77636.98528921253,23495.274824550135 
PLINE 77636.98528921253,23495.274824550135 78747.2992898421,23495.274824550135 
PLINE 92737.98212591557,23812.94499788345 92737.98212591557,25412.94499788345 
PLINE 103102.99067784607,26935.355140122352 103895.57313300211,26105.209883946416 
PLINE 49852.286481542746,27613.401352514386 52780.036150273314,27613.401352514386 
PLINE 70021.21262086154,27613.401352514386 72913.05766030883,27613.401352514386 
PLINE 89821.21262086157,27612.391980760363 92737.98212591557,27612.391980760363 
