PLINE 17466.962187305988,3118.483658904656 17466.962187305988,4361.225594388517 
PLINE 20758.588021536558,5818.483658904646 20758.588021536558,7643.6584840794685 
PLINE 14235.697919460688,6768.483658904647 14235.697919460688,9260.888781710148 
PLINE 2784.9432695181226,9260.888781710148 4359.943269518124,9260.888781710148 
PLINE 5934.943269518124,9260.888781710148 7652.382079315803,9260.888781710148 
PLINE 12534.94326951812,9260.888781710148 14235.697919460688,9260.888781710148 
PLINE 12534.94326951812,11425.510933443813 14252.561693923613,11425.510933443813 
PLINE 1068.747256229089,11440.154697315444 2968.369135630416,11440.154697315444 
PLINE 1068.747256229089,11440.154697315444 2968.369135630416,11440.154697315444 
PLINE 7681.472802985475,13538.548997565977 10959.943269518122,13531.108244240702 
PLINE 5763.198223793728,13542.902676545127 6861.029938498725,13540.411058863903 
PLINE 4355.0019337863205,13546.098691679157 5722.077881825424,13542.996002479998 
