
PLINE 20859.943269518128,13508.639395223398 20859.943269518128,13713.824398445902 20859.943269518128,13713.824398445902 20859.943269518128,17661.983819562567 20859.943269518128,17661.983819562567 17934.94326951812,17661.983819562567 17934.94326951812,17661.983819562567 17184.94326951812,17661.983819562567 17184.94326951812,17661.983819562567 14252.561693923613,17661.983819562567 14252.561693923613,17661.983819562567 14252.561693923613,13523.63538098317 
 14252.561693923613,13523.63538098317 20859.943269518128,13508.639395223398 

PLINE 7681.472802985475,17661.983819562567 7681.472802985475,17673.722068705956 7681.472802985475,17673.722068705956 7694.078075180545,17661.983819562567 7694.078075180545,17661.983819562567 10959.943269518122,17661.983819562567 10959.943269518122,17661.983819562567 10959.943269518122,13531.108244240702 10959.943269518122,13531.108244240702 7681.472802985475,13538.548997565977 7681.472802985475,13538.548997565977 7681.472802985475,17661.983819562567 
 

PLINE 7681.472802985475,17673.722068705956 7681.472802985475,17768.48365890465 7581.680513629488,17766.6503876603 6420.545483993601,18847.919562657826 6420.545483993601,18847.919562657826 4355.0019337863205,18847.919562657826 4355.0019337863205,18743.48365890466 4355.0019337863205,13546.741017403901 4355.0019337863205,13546.098691679157 5722.077881825424,13542.996002479998 5763.198223793728,13542.902676545127 6861.029938498725,13540.411058863903 
 6861.029938498725,13540.411058863903 7681.472802985475,13538.548997565977 7681.472802985475,13538.548997565977 7681.472802985475,17661.983819562567 

PLINE 10959.94326951812,9168.483658904655 10959.94326951812,9260.888781710148 10959.94326951812,9260.888781710148 7652.382079315803,9260.888781710148 7652.382079315803,9260.888781710148 7652.382079315803,3026.3581493441598 7652.382079315803,3026.3581493441598 10959.94326951812,3026.3581493441598 10959.94326951812,3026.3581493441598 10959.94326951812,7168.483658904646 10959.94326951812,7168.483658904646 10959.94326951812,8368.483658904648 
 10959.94326951812,8368.483658904648 10959.94326951812,9168.483658904655 

PLINE 4359.943269518124,9168.483658904646 4359.943269518124,9260.888781710148 4359.943269518124,9260.888781710148 5934.943269518124,9260.888781710148 5934.943269518124,9260.888781710148 7652.382079315803,9260.888781710148 7652.382079315803,9260.888781710148 7652.382079315803,3026.3581493441598 7652.382079315803,3026.3581493441598 4359.943269518124,3026.3581493441598 4359.943269518124,3026.3581493441598 4359.943269518124,9168.483658904646 
 

PLINE 4359.943269518124,9168.483658904646 4359.943269518124,9260.888781710148 4359.943269518124,9260.888781710148 2784.9432695181226,9260.888781710148 2784.9432695181226,9260.888781710148 1068.747256229089,9260.888781710148 1068.747256229089,9260.888781710148 1068.747256229089,3026.3581493441598 1068.747256229089,3026.3581493441598 4359.943269518124,3026.3581493441598 4359.943269518124,3026.3581493441598 4359.943269518124,9168.483658904646 
 

PLINE 10959.943269518122,11425.510933443813 10959.943269518122,11518.48365890459 10959.943269518122,11518.48365890459 10959.943269518122,13531.108244240702 10959.943269518122,13531.108244240702 14252.561693923613,13523.63538098317 14252.561693923613,13523.63538098317 14252.561693923613,11425.510933443813 14252.561693923613,11425.510933443813 12534.94326951812,11425.510933443813 12534.94326951812,11425.510933443813 10959.943269518122,11425.510933443813 
 

PLINE 10959.943269518122,11425.510933443813 10959.943269518122,11518.48365890459 10959.943269518122,11518.48365890459 10959.943269518122,13531.108244240702 10959.943269518122,13531.108244240702 7681.472802985475,13538.548997565977 7681.472802985475,13538.548997565977 7681.472802985475,11425.510933443813 7681.472802985475,11425.510933443813 9384.943269518126,11425.510933443813 9384.943269518126,11425.510933443813 10959.943269518122,11425.510933443813 
 

PLINE 4355.0019337863205,18743.48365890466 4355.0019337863205,18847.919562657826 4355.0019337863205,18847.919562657826 2303.9685124630587,18847.919562657826 2303.9685124630587,18847.919562657826 1140.4856280416889,17768.48365890464 1068.747256229089,17318.48365890464 1068.747256229089,13553.557111899607 1068.747256229089,13553.557111899607 1756.834934047417,13551.995441380053 1756.834934047417,13551.995441380053 2968.369135630416,13549.245766728067 
 2968.369135630416,13546.741017403901 4071.9867837859288,13546.741017403901 4355.0019337863205,13546.741017403901 4355.0019337863205,18743.48365890466 

PLINE 10959.94326951812,3026.3581493441598 14235.697919460688,3026.3581493441598 14235.697919460688,3026.3581493441598 14235.697919460688,4361.225594388517 14235.697919460688,4361.225594388517 14235.697919460688,6768.483658904647 14235.697919460688,6768.483658904647 14235.697919460688,9260.888781710148 14235.697919460688,9260.888781710148 12534.94326951812,9260.888781710148 12534.94326951812,9260.888781710148 10959.94326951812,9260.888781710148 
 10959.94326951812,9168.483658904655 10959.94326951812,8368.483658904648 10959.94326951812,8368.483658904648 10959.94326951812,7168.483658904646 10959.94326951812,7168.483658904646 10959.94326951812,3026.3581493441598 

PLINE 14235.697919460688,4361.225594388517 14359.94326951812,4361.225594388517 14359.94326951812,4361.225594388517 17466.962187305988,4361.225594388517 17466.962187305988,4361.225594388517 17466.962187305988,3118.483658904656 17466.962187305988,3026.3581493441598 14235.697919460688,3026.3581493441598 14235.697919460688,3026.3581493441598 14235.697919460688,4361.225594388517 

PLINE 1068.747256229089,13546.741017403901 1159.943269518125,13546.741017403901 1159.943269518125,13546.741017403901 1756.834934047417,13546.741017403901 1756.834934047417,13551.995441380053 2968.369135630416,13549.245766728067 2968.369135630416,13546.741017403901 2968.369135630416,11440.154697315444 2968.369135630416,11440.154697315444 1068.747256229089,11440.154697315444 1068.747256229089,11440.154697315444 1068.747256229089,13546.741017403901 
 

PLINE 27543.318773904262,11485.08443532351 27569.94326951812,11511.632716999975 27569.94326951812,11511.632716999975 33737.95059855954,17661.983819562567 33737.95059855954,17661.983819562567 27684.94326951812,17661.983819562567 27684.94326951812,17661.983819562567 27120.228542556164,17661.983819562567 27120.228542556164,17661.983819562567 24534.19249733472,17661.983819562567 24534.19249733472,17661.983819562567 23784.943269518124,17661.983819562567 
 23784.943269518124,17661.983819562567 20859.943269518128,17661.983819562567 20859.943269518128,17661.983819562567 20859.943269518128,13713.824398445902 20859.943269518128,13508.639395223398 20859.943269518128,11449.04478275403 20859.943269518128,11449.04478275403 27507.17565988073,11449.04478275403 

PLINE 10959.943269518122,13531.108244240702 14252.561693923613,13523.63538098317 14252.561693923613,13523.63538098317 14252.561693923613,17661.983819562567 14252.561693923613,17661.983819562567 10959.943269518122,17661.983819562567 10959.943269518122,17661.983819562567 10959.943269518122,13531.108244240702 

PLINE 20758.588021536558,2943.3251827141758 20787.064890293812,2918.483658904656 20787.064890293812,2918.483658904656 24159.94326951813,-23.814501695240324 24159.94326951813,-23.814501695240324 27532.821648742312,2918.4836589046477 27569.94326951812,3368.4836589046477 27569.94326951812,4143.483658904645 27569.94326951812,4143.483658904645 27569.94326951812,6543.483658904646 27569.94326951812,6543.483658904646 27569.94326951812,7643.6584840794685 
 27569.94326951812,7643.6584840794685 20758.588021536558,7643.6584840794685 20758.588021536558,7643.6584840794685 20758.588021536558,5818.483658904646 20758.588021536558,5818.483658904646 20758.588021536558,3026.3581493441598 

PLINE 5758.392632340562,11425.510933443813 5762.971781405704,13443.12989157969 5763.198223793728,13542.902676545127 6861.029938498725,13540.411058863903 6861.029938498725,13540.411058863903 7681.472802985475,13538.548997565977 7681.472802985475,13538.548997565977 7681.472802985475,11425.510933443813 7681.472802985475,11425.510933443813 5758.392632340562,11425.510933443813 
