PLINE 27684.94326951812,17318.48365890464 27684.94326951812,17661.983819562567 
PLINE 27684.94326951812,17661.983819562567 27684.94326951812,17768.48365890464 
PLINE 27120.228542556164,17318.48365890464 27120.228542556164,17661.983819562567 
PLINE 27120.228542556164,17661.983819562567 27120.228542556164,17768.48365890465 
PLINE 20859.943269518128,11318.48365890466 20859.943269518128,11449.04478275403 
PLINE 20859.943269518128,11449.04478275403 20859.943269518128,13508.639395223398 
PLINE 20859.943269518128,13508.639395223398 20859.943269518128,13713.824398445902 
PLINE 20859.943269518128,13713.824398445902 20859.943269518128,17661.983819562567 
PLINE 20859.943269518128,17661.983819562567 20859.943269518128,17768.48365890465 
PLINE 14252.561693923613,11141.05390005209 14252.561693923613,11425.510933443813 
PLINE 14252.561693923613,11425.510933443813 14252.561693923613,13523.63538098317 
PLINE 14252.561693923613,13523.63538098317 14252.561693923613,17661.983819562567 
PLINE 14252.561693923613,17661.983819562567 14252.561693923613,17768.48365890465 
PLINE 7652.382079315803,2918.4836589046445 7652.382079315803,3026.3581493441598 
PLINE 7652.382079315803,3026.3581493441598 7652.382079315803,9260.888781710148 
PLINE 7652.382079315803,9260.888781710148 7652.382079315803,9368.483658904648 
PLINE 1068.747256229089,2918.483658904645 1068.747256229089,3026.3581493441598 
PLINE 1068.747256229089,3026.3581493441598 1068.747256229089,9260.888781710148 
PLINE 1068.747256229089,9260.888781710148 1068.747256229089,11440.154697315444 
PLINE 1068.747256229089,11440.154697315444 1068.747256229089,13546.741017403901 
PLINE 1068.747256229089,13546.741017403901 1068.747256229089,13553.557111899607 
PLINE 1068.747256229089,13553.557111899607 1068.747256229089,17318.48365890464 
PLINE 1068.747256229089,17318.48365890464 1068.747256229089,17701.92748068477 
PLINE 1068.747256229089,17701.92748068477 1068.747256229089,17768.48365890464 
PLINE 1068.747256229089,17768.48365890464 1068.747256229089,17768.48365890465 
PLINE 7681.472802985475,11318.48365890459 7681.472802985475,11425.510933443813 
PLINE 7681.472802985475,11425.510933443813 7681.472802985475,13538.548997565977 
PLINE 7681.472802985475,13538.548997565977 7681.472802985475,17661.983819562567 
PLINE 7681.472802985475,17661.983819562567 7681.472802985475,17673.722068705956 
PLINE 7681.472802985475,17673.722068705956 7681.472802985475,17768.48365890465 
PLINE 27569.94326951812,2918.483658904647 27569.94326951812,2918.4836589046477 
PLINE 27569.94326951812,2918.4836589046477 27569.94326951812,2950.866349368647 
PLINE 27569.94326951812,2950.866349368647 27569.94326951812,3368.4836589046477 
PLINE 27569.94326951812,3368.4836589046477 27569.94326951812,4143.483658904645 
PLINE 27569.94326951812,4143.483658904645 27569.94326951812,6543.483658904646 
PLINE 27569.94326951812,6543.483658904646 27569.94326951812,7643.6584840794685 
PLINE 27569.94326951812,7643.6584840794685 27569.94326951812,11449.04478275403 
PLINE 27569.94326951812,11449.04478275403 27569.94326951812,11511.632716999975 
PLINE 27569.94326951812,11511.632716999975 27569.94326951812,11768.48365890465 
PLINE 14235.697919460688,2918.4836589046445 14235.697919460688,3026.3581493441598 
PLINE 14235.697919460688,3026.3581493441598 14235.697919460688,4361.225594388517 
PLINE 14235.697919460688,4361.225594388517 14235.697919460688,6768.483658904647 
PLINE 14235.697919460688,6768.483658904647 14235.697919460688,9260.888781710148 
PLINE 14235.697919460688,9260.888781710148 14235.697919460688,9541.354576231948 
PLINE 9384.943269518126,11318.48365890459 9384.943269518126,11425.510933443813 
PLINE 9384.943269518126,11425.510933443813 9384.943269518126,11518.48365890461 
PLINE 2784.9432695181226,9168.483658904646 2784.9432695181226,9260.888781710148 
PLINE 2784.9432695181226,9260.888781710148 2784.9432695181226,9368.483658904648 
PLINE 10959.94326951812,2918.4836589046445 10959.94326951812,3026.3581493441598 
PLINE 10959.94326951812,3026.3581493441598 10959.94326951812,7168.483658904646 
PLINE 10959.94326951812,7168.483658904646 10959.94326951812,8368.483658904648 
PLINE 10959.94326951812,8368.483658904648 10959.94326951812,9168.483658904655 
PLINE 10959.94326951812,9168.483658904655 10959.94326951812,9260.888781710148 
PLINE 4359.943269518124,2918.4836589046445 4359.943269518124,3026.3581493441598 
PLINE 4359.943269518124,3026.3581493441598 4359.943269518124,9168.483658904646 
PLINE 4359.943269518124,9168.483658904646 4359.943269518124,9260.888781710148 
PLINE 17934.94326951812,17568.48365890465 17934.94326951812,17661.983819562567 
PLINE 17934.94326951812,17661.983819562567 17934.94326951812,17768.48365890465 
PLINE 17184.94326951812,17568.48365890465 17184.94326951812,17661.983819562567 
PLINE 17184.94326951812,17661.983819562567 17184.94326951812,17768.48365890465 
PLINE 24534.19249733472,17568.48365890465 24534.19249733472,17661.983819562567 
PLINE 24534.19249733472,17661.983819562567 24534.19249733472,17768.48365890465 
PLINE 23784.943269518124,17568.48365890465 23784.943269518124,17661.983819562567 
PLINE 23784.943269518124,17661.983819562567 23784.943269518124,17768.48365890465 
PLINE 12534.94326951812,9168.483658904655 12534.94326951812,9260.888781710148 
PLINE 12534.94326951812,9260.888781710148 12534.94326951812,9368.483658904648 
PLINE 5934.943269518124,9168.483658904646 5934.943269518124,9260.888781710148 
PLINE 5934.943269518124,9260.888781710148 5934.943269518124,9368.483658904648 
PLINE 12534.94326951812,11318.48365890459 12534.94326951812,11425.510933443813 
PLINE 12534.94326951812,11425.510933443813 12534.94326951812,11518.48365890461 
PLINE 10959.943269518122,11425.510933443813 10959.943269518122,11518.48365890459 
PLINE 10959.943269518122,11518.48365890459 10959.943269518122,13531.108244240702 
PLINE 10959.943269518122,13531.108244240702 10959.943269518122,17661.983819562567 
PLINE 10959.943269518122,17661.983819562567 10959.943269518122,17768.48365890465 
PLINE 20758.588021536558,2918.483658904642 20758.588021536558,2943.3251827141758 
PLINE 20758.588021536558,2943.3251827141758 20758.588021536558,3026.3581493441598 
PLINE 20758.588021536558,3026.3581493441598 20758.588021536558,5818.483658904646 
PLINE 20758.588021536558,5818.483658904646 20758.588021536558,7643.6584840794685 
PLINE 20758.588021536558,7643.6584840794685 20758.588021536558,7768.483658904646 
PLINE 18234.943269517113,2918.4836589046477 18234.943269517113,3026.3581493441598 
PLINE 18234.943269517113,3026.3581493441598 18234.943269517113,3118.483658904656 
PLINE 17466.962187305988,3026.3581493441598 17466.962187305988,3118.483658904656 
PLINE 17466.962187305988,3118.483658904656 17466.962187305988,4361.225594388517 
PLINE 17466.962187305988,4361.225594388517 17466.962187305988,5068.483658904639 
PLINE 17466.962187305988,5068.483658904639 17466.962187305988,5068.483658904639 
PLINE 17474.192025469165,8566.668003253166 17474.192025469165,8566.668003253166 
PLINE 17474.192025469165,8566.668003253166 17474.192025469165,9260.888781710148 
PLINE 17474.192025469165,9260.888781710148 17474.192025469165,9368.483658904648 
PLINE 17475.45024902747,6268.483658904647 17475.45024902747,6268.483658904647 
PLINE 17475.45024902747,6268.483658904647 17475.45024902747,6768.483658904647 
PLINE 17475.45024902747,6768.483658904647 17475.45024902747,7366.498089081142 
PLINE 17475.45024902747,7366.498089081142 17475.45024902747,7366.498089081142 
PLINE 4355.0019337863205,13443.48365890465 4355.0019337863205,13546.098691679157 
PLINE 4355.0019337863205,13546.098691679157 4355.0019337863205,13546.741017403901 
PLINE 4355.0019337863205,13546.741017403901 4355.0019337863205,18743.48365890466 
PLINE 4355.0019337863205,18743.48365890466 4355.0019337863205,18847.919562657826 
PLINE 6861.029938498725,13440.41183151044 6861.029938498725,13540.411058863903 
PLINE 6861.029938498725,13540.411058863903 6861.029938498725,13640.41131641277 
PLINE 5722.077881825424,13442.45444888763 5722.077881825424,13542.996002479998 
PLINE 5722.077881825424,13542.996002479998 5722.077881825424,13546.741017403901 
PLINE 5722.077881825424,13546.741017403901 5722.077881825424,13643.48365890465 
PLINE 1756.834934047417,13443.48365890465 1756.834934047417,13546.741017403901 
PLINE 1756.834934047417,13546.741017403901 1756.834934047417,13551.995441380053 
PLINE 1756.834934047417,13551.995441380053 1756.834934047417,13643.48365890465 
PLINE 2968.369135630416,11318.48365890465 2968.369135630416,11440.154697315444 
PLINE 2968.369135630416,11440.154697315444 2968.369135630416,13546.741017403901 
PLINE 2968.369135630416,13546.741017403901 2968.369135630416,13549.245766728067 
PLINE 2968.369135630416,13549.245766728067 2968.369135630416,13643.48365890465 
PLINE 27234.94326951812,2918.4836589046477 27532.821648742312,2918.4836589046477 
PLINE 27532.821648742312,2918.4836589046477 27569.94326951812,2918.4836589046477 
PLINE 27569.94326951812,2918.4836589046477 27684.94326951812,2918.4836589046477 
PLINE 27234.94326951812,3368.4836589046477 27569.94326951812,3368.4836589046477 
PLINE 27569.94326951812,3368.4836589046477 27684.94326951812,3368.4836589046477 
PLINE 20634.94326951813,11449.04478275403 20859.943269518128,11449.04478275403 
PLINE 20859.943269518128,11449.04478275403 27507.17565988073,11449.04478275403 
PLINE 27507.17565988073,11449.04478275403 27569.94326951812,11449.04478275403 
PLINE 27569.94326951812,11449.04478275403 27684.94326951812,11449.04478275403 
PLINE 834.9432695181249,11440.154697315444 1068.747256229089,11440.154697315444 
PLINE 1068.747256229089,11440.154697315444 2968.369135630416,11440.154697315444 
PLINE 2968.369135630416,11440.154697315444 3069.128033685315,11440.154697315444 
PLINE 5657.695551611725,11425.510933443813 5758.392632340562,11425.510933443813 
PLINE 5758.392632340562,11425.510933443813 7681.472802985475,11425.510933443813 
PLINE 7681.472802985475,11425.510933443813 9384.943269518126,11425.510933443813 
PLINE 9384.943269518126,11425.510933443813 10959.943269518122,11425.510933443813 
PLINE 10959.943269518122,11425.510933443813 12534.94326951812,11425.510933443813 
PLINE 12534.94326951812,11425.510933443813 14252.561693923613,11425.510933443813 
PLINE 14252.561693923613,11425.510933443813 14260.110252623093,11425.510933443813 
PLINE 14260.110252623093,11425.510933443813 14484.94326951812,11425.510933443813 
PLINE 834.9432695181249,9260.888781710148 1068.747256229089,9260.888781710148 
PLINE 1068.747256229089,9260.888781710148 2784.9432695181226,9260.888781710148 
PLINE 2784.9432695181226,9260.888781710148 4359.943269518124,9260.888781710148 
PLINE 4359.943269518124,9260.888781710148 5934.943269518124,9260.888781710148 
PLINE 5934.943269518124,9260.888781710148 7652.382079315803,9260.888781710148 
PLINE 7652.382079315803,9260.888781710148 10959.94326951812,9260.888781710148 
PLINE 10959.94326951812,9260.888781710148 12534.94326951812,9260.888781710148 
PLINE 12534.94326951812,9260.888781710148 14235.697919460688,9260.888781710148 
PLINE 14235.697919460688,9260.888781710148 14256.875335059374,9260.888781710148 
PLINE 14256.875335059374,9260.888781710148 17474.192025469165,9260.888781710148 
PLINE 17474.192025469165,9260.888781710148 17559.94326951812,9260.888781710148 
PLINE 7434.943269518124,17661.983819562567 7681.472802985475,17661.983819562567 
PLINE 7681.472802985475,17661.983819562567 7694.078075180545,17661.983819562567 
PLINE 7694.078075180545,17661.983819562567 10959.943269518122,17661.983819562567 
PLINE 10959.943269518122,17661.983819562567 14252.561693923613,17661.983819562567 
PLINE 14252.561693923613,17661.983819562567 17184.94326951812,17661.983819562567 
PLINE 17184.94326951812,17661.983819562567 17934.94326951812,17661.983819562567 
PLINE 17934.94326951812,17661.983819562567 20859.943269518128,17661.983819562567 
PLINE 20859.943269518128,17661.983819562567 23784.943269518124,17661.983819562567 
PLINE 23784.943269518124,17661.983819562567 24534.19249733472,17661.983819562567 
PLINE 24534.19249733472,17661.983819562567 27120.228542556164,17661.983819562567 
PLINE 27120.228542556164,17661.983819562567 27684.94326951812,17661.983819562567 
PLINE 27684.94326951812,17661.983819562567 33737.95059855954,17661.983819562567 
PLINE 33737.95059855954,17661.983819562567 33986.38066976573,17661.983819562567 
PLINE 834.9432695181249,17318.48365890464 1068.747256229089,17318.48365890464 
PLINE 1068.747256229089,17318.48365890464 1284.943269518125,17318.48365890464 
PLINE 834.9432695181249,17768.48365890464 1068.747256229089,17768.48365890464 
PLINE 1068.747256229089,17768.48365890464 1140.4856280416889,17768.48365890464 
PLINE 1140.4856280416889,17768.48365890464 1284.943269518125,17768.48365890464 
PLINE 834.9432695181249,3026.3581493441598 1068.747256229089,3026.3581493441598 
PLINE 1068.747256229089,3026.3581493441598 4359.943269518124,3026.3581493441598 
PLINE 4359.943269518124,3026.3581493441598 7652.382079315803,3026.3581493441598 
PLINE 7652.382079315803,3026.3581493441598 10959.94326951812,3026.3581493441598 
PLINE 10959.94326951812,3026.3581493441598 14235.697919460688,3026.3581493441598 
PLINE 14235.697919460688,3026.3581493441598 17466.962187305988,3026.3581493441598 
PLINE 17466.962187305988,3026.3581493441598 18234.943269517113,3026.3581493441598 
PLINE 18234.943269517113,3026.3581493441598 20663.40388905828,3026.3581493441598 
PLINE 20663.40388905828,3026.3581493441598 20758.588021536558,3026.3581493441598 
PLINE 20758.588021536558,3026.3581493441598 21084.94326951813,3026.3581493441598 
PLINE 20759.94326951812,13713.824398445902 20859.943269518128,13713.824398445902 
PLINE 20859.943269518128,13713.824398445902 20959.94326951812,13713.824398445902 
PLINE 10859.94326951812,8368.483658904648 10959.94326951812,8368.483658904648 
PLINE 10959.94326951812,8368.483658904648 11059.94326951812,8368.483658904648 
PLINE 10859.94326951812,7168.483658904646 10959.94326951812,7168.483658904646 
PLINE 10959.94326951812,7168.483658904646 11059.94326951812,7168.483658904646 
PLINE 20634.94326951813,7643.6584840794685 20758.588021536558,7643.6584840794685 
PLINE 20758.588021536558,7643.6584840794685 27569.94326951812,7643.6584840794685 
PLINE 27569.94326951812,7643.6584840794685 27684.94326951812,7643.6584840794685 
PLINE 27484.94326951812,6543.483658904646 27569.94326951812,6543.483658904646 
PLINE 27569.94326951812,6543.483658904646 27684.94326951812,6543.483658904646 
PLINE 27484.94326951812,4143.483658904645 27569.94326951812,4143.483658904645 
PLINE 27569.94326951812,4143.483658904645 27684.94326951812,4143.483658904645 
PLINE 20634.94326951813,5818.483658904646 20758.588021536558,5818.483658904646 
PLINE 20758.588021536558,5818.483658904646 20834.94326951813,5818.483658904646 
PLINE 14235.697919460688,4361.225594388517 14359.94326951812,4361.225594388517 
PLINE 14359.94326951812,4361.225594388517 17466.962187305988,4361.225594388517 
PLINE 17466.962187305988,4361.225594388517 17559.94326951812,4361.225594388517 
PLINE 14235.697919460688,6768.483658904647 14359.94326951812,6768.483658904647 
PLINE 14359.94326951812,6768.483658904647 17359.94326951812,6768.483658904647 
PLINE 17359.94326951812,6768.483658904647 17475.45024902747,6768.483658904647 
PLINE 17359.94326951812,8566.668003253166 17474.192025469165,8566.668003253166 
PLINE 17474.192025469165,8566.668003253166 17559.94326951812,8566.668003253166 
PLINE 17359.94326951812,6268.483658904647 17475.45024902747,6268.483658904647 
PLINE 17475.45024902747,6268.483658904647 17559.94326951812,6268.483658904647 
PLINE 17359.94326951812,5068.483658904639 17466.962187305988,5068.483658904639 
PLINE 17466.962187305988,5068.483658904639 17559.94326951812,5068.483658904639 
PLINE 17359.94326951812,7366.498089081142 17475.45024902747,7366.498089081142 
PLINE 17475.45024902747,7366.498089081142 17559.94326951812,7366.498089081142 
PLINE 2259.943269518127,18847.919562657826 2303.9685124630587,18847.919562657826 
PLINE 2303.9685124630587,18847.919562657826 4355.0019337863205,18847.919562657826 
PLINE 4355.0019337863205,18847.919562657826 6420.545483993601,18847.919562657826 
PLINE 6420.545483993601,18847.919562657826 6464.659974869524,18847.919562657826 
PLINE 1068.747256229089,13546.741017403901 1159.943269518125,13546.741017403901 
PLINE 1159.943269518125,13546.741017403901 1756.834934047417,13546.741017403901 
PLINE 1756.834934047417,13546.741017403901 2968.369135630416,13546.741017403901 
PLINE 2968.369135630416,13546.741017403901 4071.9867837859288,13546.741017403901 
PLINE 4071.9867837859288,13546.741017403901 4355.0019337863205,13546.741017403901 
PLINE 4355.0019337863205,13546.741017403901 5722.077881825424,13546.741017403901 
PLINE 5722.077881825424,13546.741017403901 5763.206935218095,13546.741017403901 
PLINE 5763.206935218095,13546.741017403901 5961.032256438214,13546.741017403901 
PLINE 27507.17565988073,11449.04478275403 27543.318773904262,11485.08443532351 
PLINE 27543.318773904262,11485.08443532351 27569.94326951812,11511.632716999975 
PLINE 27569.94326951812,11511.632716999975 33737.95059855954,17661.983819562567 
PLINE 33737.95059855954,17661.983819562567 33844.75617415181,17768.48365890465 
PLINE 24007.821648742407,-156.5163410953436 24159.94326951813,-23.814501695240324 
PLINE 24159.94326951813,-23.814501695240324 27532.821648742312,2918.4836589046477 
PLINE 27532.821648742312,2918.4836589046477 27532.821648742327,2918.483658904656 
PLINE 27532.821648742327,2918.483658904656 27569.94326951812,2950.866349368647 
PLINE 1068.747256229089,17701.92748068477 1137.9131237699505,17766.09698565774 
PLINE 1137.9131237699505,17766.09698565774 1140.4856280416889,17768.48365890464 
PLINE 1140.4856280416889,17768.48365890464 2303.9685124630587,18847.919562657826 
PLINE 2303.9685124630587,18847.919562657826 2406.973415266267,18943.48365890466 
PLINE -37200.08547383765,13640.41131641277 1068.747256229089,13553.557111899607 
PLINE 1068.747256229089,13553.557111899607 1756.834934047417,13551.995441380053 
PLINE 1756.834934047417,13551.995441380053 2968.369135630416,13549.245766728067 
PLINE 2968.369135630416,13549.245766728067 4071.9867837859288,13546.741017403901 
PLINE 4071.9867837859288,13546.741017403901 4355.0019337863205,13546.098691679157 
PLINE 4355.0019337863205,13546.098691679157 5722.077881825424,13542.996002479998 
PLINE 5722.077881825424,13542.996002479998 5763.198223793728,13542.902676545127 
PLINE 5763.198223793728,13542.902676545127 6861.029938498725,13540.411058863903 
PLINE 6861.029938498725,13540.411058863903 7681.472802985475,13538.548997565977 
PLINE 7681.472802985475,13538.548997565977 10959.943269518122,13531.108244240702 
PLINE 10959.943269518122,13531.108244240702 14252.561693923613,13523.63538098317 
PLINE 14252.561693923613,13523.63538098317 20859.943269518128,13508.639395223398 
PLINE 20859.943269518128,13508.639395223398 51620.83172492757,13438.82507619888 
PLINE 20663.40388905828,3026.3581493441598 20758.588021536558,2943.3251827141758 
PLINE 20758.588021536558,2943.3251827141758 20787.064890293812,2918.483658904656 
PLINE 20787.064890293812,2918.483658904656 24159.94326951813,-23.814501695240324 
PLINE 24159.94326951813,-23.814501695240324 24312.06489029386,-156.5163410953436 
PLINE 6317.922730757388,18943.48365890466 6420.545483993601,18847.919562657826 
PLINE 6420.545483993601,18847.919562657826 7581.680513629488,17766.6503876603 
PLINE 7581.680513629488,17766.6503876603 7681.472802985475,17673.722068705956 
PLINE 7681.472802985475,17673.722068705956 7694.078075180545,17661.983819562567 
PLINE 5758.154092380682,11320.40783710902 5758.392632340562,11425.510933443813 
PLINE 5758.392632340562,11425.510933443813 5762.971781405704,13443.12989157969 
PLINE 5762.971781405704,13443.12989157969 5763.198223793728,13542.902676545127 
PLINE 5763.198223793728,13542.902676545127 5763.206935218095,13546.741017403901 
PLINE 14256.875335059374,9260.888781710148 14257.324142515934,9561.20510915799 
PLINE 14257.324142515934,9561.20510915799 14259.65548046331,11121.203367126049 
PLINE 14259.65548046331,11121.203367126049 14260.110252623093,11425.510933443813 
