1 20859.943269518128,14555.514301158299,0,door
2 14245.18469157538,10343.19985757698,0,door
3 10959.94326951812,6097.420904124408,0,door
4 20758.588021536558,5335.008316711814,0,door
5 17466.962187305988,3739.8546266465864,0,door
6 9320.708036251799,11425.510933443813,0,door
7 12602.56398054675,11425.510933443813,0,door
8 2714.3452628736068,9260.888781710148,0,door
9 6006.1626744169635,9260.888781710148,0,door
10 12602.56398054675,9260.888781710148,0,door
11 2064.1562025742705,13544.873010791605,0,door
12 3661.685534708369,13544.873010791605,0,door
13 5052.85893582772,13544.873010791605,0,door
14 6655.443082436774,13544.873010791605,0,door
