PLINE 34006.20804182609,31565.26915167023 34006.20804182609,38015.26915167023 
PLINE 41156.20804182596,31565.26915167018 41156.20804182596,38015.26915167023 
PLINE 41306.20804182609,23165.26915167023 41306.20804182609,29615.26915167024 
PLINE 33156.20804182609,23165.26915167023 33156.20804182609,31765.26915167023 
PLINE 48131.20804182609,37565.26915167023 48131.20804182609,38015.26915167023 
PLINE 47381.20804182609,37565.26915167023 47381.20804182609,38015.26915167023 
PLINE 48093.70804182609,23165.26915167023 48093.70804182609,23615.26915167023 
PLINE 47418.70804182609,23165.26915167023 47418.70804182609,23615.26915167023 
PLINE 54356.208041826074,23165.26915167023 54356.208041826074,29615.26915167024 
PLINE 54356.20804182609,31565.26915167018 54356.20804182609,38015.26915167023 
PLINE 61331.20804182609,37565.26915167023 61331.20804182609,38015.26915167023 
PLINE 60581.20804182609,37565.26915167023 60581.20804182609,38015.26915167023 
PLINE 60956.20804182609,23165.26915167023 60956.20804182609,27415.26915167023 
PLINE 126580.83265573441,37565.26915167023 126580.83265573441,38015.26915167023 
PLINE 120356.2080418261,31565.26915167024 120356.2080418261,38015.26915167023 
PLINE 67931.20804182609,37565.26915167023 67931.20804182609,38015.26915167023 
PLINE 67196.11406023861,37565.26915167023 67196.11406023861,38015.26915167023 
PLINE 74156.20804182609,31565.26915167018 74156.20804182609,38015.26915167023 
PLINE 81131.20804182609,37565.26915167023 81131.20804182609,38015.26915167023 
PLINE 80381.20804182609,37565.26915167023 80381.20804182609,38015.26915167023 
PLINE 87356.20804182609,31565.26915167018 87356.20804182609,38015.26915167023 
PLINE 67406.20804182609,23165.26915167023 67406.20804182609,29615.26915167024 
PLINE 81093.70804182609,23165.26915167023 81093.70804182609,23615.26915167023 
PLINE 80418.70804182609,23165.26915167023 80418.70804182609,23615.26915167023 
PLINE 87356.20804182609,23165.26915167023 87356.20804182609,29615.31751580277 
PLINE 107118.7080418261,23165.26915167023 107118.7080418261,29615.26915167023 
PLINE 100556.2080418261,23165.26915167023 100556.2080418261,29615.26915167023 
PLINE 94293.70804182607,23165.26915167023 94293.70804182607,23615.26915167023 
PLINE 93618.70804182607,23165.26915167023 93618.70804182607,23615.26915167023 
PLINE 93956.20804182607,31565.26915167018 93956.20804182607,38015.26915167023 
PLINE 100406.2080418261,31565.26915167018 100406.2080418261,38015.26915167023 
PLINE 107306.2080418261,31565.26915167018 107306.2080418261,38015.26915167023 
PLINE 126956.2080418261,23165.26915167023 126956.2080418261,32015.26915167023 
PLINE 113756.2080418261,23165.26915167023 113756.2080418261,38015.26915167023 
PLINE 84043.70804182609,31565.26915167018 84043.70804182609,38015.26915167023 
PLINE 97256.20804182607,23165.26915167023 97256.20804182607,29615.26915167023 
PLINE 110456.2080418261,23165.26915167023 110456.2080418261,29415.26915167024 
PLINE 103856.2080418261,23165.26915167023 103856.2080418261,29415.26915167023 
PLINE 77631.20804182609,23165.26915167023 77631.20804182609,29615.26915167024 
PLINE 37931.20804182609,18912.9480807209 37931.20804182609,38015.26915167023 
PLINE 64271.114060238615,33515.26915167023 64271.114060238615,38015.26915167023 
PLINE 90656.20804182609,31565.26915167018 90656.20804182609,38015.26915167023 
PLINE 97256.20804182609,31765.26915167018 97256.20804182609,38015.26915167023 
PLINE 110456.2080418261,31765.26915167018 110456.2080418261,38015.26915167023 
PLINE 120356.2080418256,23165.269151670225 120356.2080418256,28015.26915167023 
PLINE 116956.2080418261,23365.26915167024 116956.2080418261,25315.26915167022 
PLINE 116956.2080418261,28813.45349601875 116956.2080418261,29615.26915167023 
PLINE 116956.2080418261,26515.26915167023 116956.2080418261,27518.46352262527 
PLINE 108856.2080418261,28815.26915167023 108856.2080418261,29615.26915167023 
PLINE 109656.2080418261,28615.26915167023 109656.2080418261,29415.26915167024 
PLINE 103820.3213092015,33690.26915167023 103820.3213092015,38990.26915167024 
PLINE 106357.06775332036,33687.19732427602 106357.06775332036,33887.19680917835 
PLINE 105218.56961161975,31567.1933298746 105218.56961161975,33890.26915167023 
PLINE 102406.95006513255,31565.26915167023 102406.95006513255,33890.26915167023 
PLINE 57257.90537379356,34715.26915167023 57257.90537379356,38015.26915167023 
PLINE 71256.20804182609,34715.26915167023 71256.20804182609,38015.26915167023 
PLINE 69056.20804182609,21665.26869133493 76056.20804182609,21665.26869133493 
PLINE 120131.2080418261,31962.93952144083 127181.2080418261,31962.93952144083 
PLINE 108756.2080418261,29476.70461033388 117056.2080418261,29476.70461033388 
PLINE 40931.20804182609,23396.397297105512 67781.20804182607,23396.397297105512 
PLINE 33631.20804182609,31790.051588921597 102565.3928059933,31790.051588921597 
PLINE 105153.9603239197,31701.55427224395 113981.2080418261,31701.55427224395 
PLINE 77356.20804182609,29115.2933337365 109756.2080418261,29115.2933337365 
PLINE 106931.2080418261,37786.64173664972 133482.6454420737,37786.64173664972 
PLINE 33631.20804182609,37786.88649146476 100781.2080418261,37786.88649146476 
PLINE 77356.20804182609,23393.593489821804 120581.2080418261,23393.593489821804 
PLINE 31431.20804182609,29477.76915167023 33381.20804182609,29477.76915167023 
PLINE 37631.20804182609,29528.346649498304 74381.20804182609,29528.346649498304 
PLINE 37631.20804182609,23765.26915167023 38081.20804182609,23765.26915167023 
PLINE 37956.9597077021,25754.100227602805 41033.58852588532,25754.100227602805 
PLINE 67656.20804182609,26390.26915167024 77356.20804182609,26390.26915167024 
PLINE 120131.2080418261,27640.26915167023 127181.2080418261,27640.26915167023 
PLINE 113856.2080418261,24552.76915167023 117056.2080418261,24552.76915167023 
PLINE 113856.2080418261,27015.26915167023 116856.2080418261,27015.26915167023 
PLINE 31431.20804182609,31577.76915167023 33131.20804182609,31577.76915167023 
PLINE 101756.2080418261,39090.26915167024 105960.9247471775,39090.26915167024 
PLINE 100656.2080418261,33787.93986031735 107056.4349993124,33787.93986031735 
PLINE 57056.20804182609,34815.26915167023 57456.09495251389,34815.26915167023 
PLINE 54456.20804182609,34815.26915167023 56056.20804182609,34815.26915167023 
PLINE 71056.20804182609,34815.26915167023 71456.20804182609,34815.26915167023 
PLINE 72456.20804182609,34815.26915167023 74056.20804182609,34815.26915167023 
PLINE 67781.20804182606,23165.26915167024 69057.08970526939,21765.26526494256 
PLINE 67581.20804182609,23165.26915167024 69056.97823830452,21565.2721177273 
PLINE 33228.89864925557,23167.82527081404 38117.03798481263,18912.9480807209 
PLINE 120283.32966260178,23165.26915167024 123808.32966260184,20090.26915167024 
PLINE 125068.3990630923,21587.584146894213 125199.87281349029,21436.87033546242 
PLINE 126876.9648002739,23165.26915166958 127008.4385506718,23014.55534023779 
PLINE 36580.26104595405,22103.13701955328 36651.299954184076,22032.75610227106 
PLINE 35663.32592110919,21392.74793725311 35949.47398153778,21109.25029528084 
PLINE 130155.85961982128,37815.26915167023 131576.1154011587,36327.70329430874 
PLINE 105814.18750306529,39190.26915167024 107077.94528593747,38013.43588042588 
PLINE 101598.1973227888,39043.67271644074 101734.22384917378,38897.05489992571 
PLINE 100718.4904236986,38227.51355813085 100854.5169500836,38080.8957416158 
PLINE 77356.2080418261,23365.26915167023 76056.20804182609,21765.26526494256 
PLINE 77389.54110052405,23165.26915167024 76056.20804182609,21565.2721177273 
PLINE 133159.79878943856,38015.26915167023 126718.48614279088,31731.8699280891 
PLINE 127029.0864210503,23165.26915167024 123504.08642105038,20090.26915167024 
PLINE 37702.93924752607,23165.26915167024 35665.96406494451,21109.25029528084 
PLINE 130749.15015353699,37266.26650578443 130676.82204408429,37197.21113247434 
PLINE 106116.1307307597,39045.73863494357 105979.8326823597,38899.37319502568 
PLINE 106994.32337026708,38227.950344543744 106858.0253218671,38081.58490462585 
PLINE 101903.23818757424,39190.26915167024 100634.17789607788,38012.88247842332 
