
PLINE 266.099718858728,225.3014147673952 265.9972798343329,225.3014147673952 265.9972798343329,204.086268111073 266.099718858728,204.086268111073 266.099718858728,225.3014147673952 

PLINE 266.099718858728,202.2014147673949 265.9972798343329,202.2014147673949 265.9972798343329,195.6965367186122 266.099718858728,195.6965367186122 266.099718858728,202.2014147673949 

PLINE 270.2997188587292,216.6965367186147 270.197279834249,216.6965367186147 270.197279834249,212.4965367186145 270.2997188587292,212.4965367186145 270.2997188587292,216.6965367186147 

PLINE 270.4021578831189,210.7038537917852 270.2997188587292,210.7038537917852 270.2997188587292,202.0565441097852 270.4021578831189,202.0565441097852 270.4021578831189,210.7038537917852 

PLINE 274.4997188587281,210.703853791785 274.397279834338,210.703853791785 274.397279834338,202.0989757430045 274.4997188587281,202.0989757430045 274.4997188587281,210.703853791785 

PLINE 274.6021578831192,200.1014147673946 274.4997188587281,200.1014147673946 274.4997188587281,195.6965367186086 274.6021578831192,195.6965367186086 274.6021578831192,200.1014147673946 

PLINE 278.4747553329589,225.3014147673952 278.371594862484,225.3014147673952 278.371594862484,212.4965367186145 278.4747553329589,212.4965367186145 278.4747553329589,225.3014147673952 

PLINE 278.8021578831185,200.1014147673946 278.6997188587293,200.1014147673946 278.6997188587293,195.6965367186068 278.8021578831185,195.6965367186068 278.8021578831185,200.1014147673946 

PLINE 283.0021578831183,200.1014147673946 282.8997188587282,200.1014147673946 282.8997188587282,195.6965367186051 283.0021578831183,195.6965367186051 283.0021578831183,200.1014147673946 

PLINE 280.9021578831184,199.9989757430043 280.7997188587283,199.9989757430043 280.7997188587283,195.7989757430043 280.9021578831184,195.7989757430043 280.9021578831184,199.9989757430043 

PLINE 291.2997188587283,216.9047222589511 291.1972798343358,216.9047222589511 291.1972798343358,208.0690848157158 291.2997188587283,208.0690848157158 291.2997188587283,216.9047222589511 

PLINE 291.2997188587283,206.401414767395 291.1972798343377,206.401414767395 291.1972798343377,202.0989757430042 291.2997188587283,202.0989757430042 291.2997188587283,206.401414767395 

PLINE 291.4021578831189,200.1014147673946 291.2997188587283,200.1014147673946 291.2997188587283,195.6965367186015 291.4021578831189,195.6965367186015 291.4021578831189,200.1014147673946 

PLINE 292.5045969075095,225.1989757430052 292.4021578831189,225.1989757430052 292.4021578831189,219.1038537917855 292.5045969075095,219.1038537917855 292.5045969075095,225.1989757430052 

PLINE 295.6021578831141,200.1014147673946 295.4997188587295,200.1014147673946 295.4997188587295,195.6965367185998 295.6021578831141,195.6965367185998 295.6021578831141,200.1014147673946 

PLINE 299.8021578831185,216.9014147673951 299.6997188587284,216.9014147673951 299.6997188587284,202.0989757430045 299.8021578831185,202.0989757430045 299.8021578831185,216.9014147673951 

PLINE 274.6021578831192,216.6965367186143 274.4997188587281,216.6965367186143 274.4997188587281,212.4965367186145 274.6021578831192,212.4965367186145 274.6021578831192,216.6965367186143 

PLINE 304.0021578831193,225.3014147673762 303.8997188587282,225.3014147673762 303.8997188587282,195.6965367185962 304.0021578831193,195.6965367185962 304.0021578831193,225.3014147673762 

PLINE 276.7021578831186,204.3014147673947 276.599718858728,204.3014147673947 276.599718858728,202.0989757430045 276.7021578831186,202.0989757430045 276.7021578831186,204.3014147673947 

PLINE 276.599718858728,210.7038537917851 276.4972798343374,210.7038537917851 276.4972798343374,208.3989757430046 276.599718858728,208.3989757430046 276.599718858728,210.7038537917851 

PLINE 278.8021578831171,210.703853791785 278.6997188587284,210.703853791785 278.6997188587284,202.0989757430045 278.8021578831171,202.0989757430045 278.8021578831171,210.703853791785 

PLINE 272.5021578831193,216.6965367186146 272.3997188587282,216.6965367186146 272.3997188587282,212.5989757430047 272.5021578831193,212.5989757430047 272.5021578831193,216.6965367186146 

PLINE 268.302157883119,212.5989757430046 268.199718858727,212.5989757430046 268.199718858727,210.601414767395 268.302157883119,210.601414767395 268.302157883119,212.5989757430046 

PLINE 272.5021578831183,199.9989757430043 272.3997188587282,199.9989757430043 272.3997188587282,195.7989757430043 272.5021578831183,195.7989757430043 272.5021578831183,199.9989757430043 

PLINE 297.7021578831191,216.9014147673951 297.599718858728,216.9014147673951 297.599718858728,208.0690848157114 297.7021578831191,208.0690848157114 297.7021578831191,216.9014147673951 

PLINE 293.5021578831183,200.1014147673945 293.3997188587296,200.1014147673945 293.3997188587296,195.696536718614 293.5021578831183,195.696536718614 293.5021578831183,200.1014147673945 

PLINE 293.3997188587296,216.9014147673952 293.2972798343381,216.9014147673952 293.2972798343381,208.0690848157114 293.3997188587296,208.0690848157114 293.3997188587296,216.9014147673952 

PLINE 301.9021578831189,219.1038537917855 301.7997188587283,219.1038537917855 301.7997188587283,199.9989757430044 301.9021578831189,199.9989757430044 301.9021578831189,219.1038537917855 

PLINE 261.8997188587268,225.3014147673952 261.7972798343362,225.3014147673952 261.7972798343362,195.6965367186139 261.8997188587268,195.6965367186139 261.8997188587268,225.3014147673952 

PLINE 288.5207372561295,210.3437401782523 288.2021578831159,210.3437401782523 288.2021578831159,202.0989757430042 288.5207372561295,202.0989757430042 288.5207372561295,210.3437401782523 

PLINE 281.7972798343353,210.3949596904475 281.4756591380274,210.3949596904475 281.4756591380274,202.1501952551993 281.7972798343353,202.1501952551993 281.7972798343353,210.3949596904475 

PLINE 267.1497188587282,212.4965367186145 267.047279834338,212.4965367186145 267.047279834338,210.703853791785 267.1497188587282,210.703853791785 267.1497188587282,212.4965367186145 

PLINE 287.2021578831191,225.3014147673952 287.099718858728,225.3014147673952 287.099718858728,219.0014147673951 287.2021578831191,219.0014147673951 287.2021578831191,225.3014147673952 

PLINE 291.4021578831189,225.3014147673952 291.0824299424685,225.3014147673952 291.0824299424685,219.1038537917855 291.4021578831189,219.1038537917855 291.4021578831189,225.3014147673952 

PLINE 287.2021578831141,200.1014147673946 287.099718858728,200.1014147673946 287.099718858728,195.6965367186033 287.2021578831141,195.6965367186033 287.2021578831141,200.1014147673946 

PLINE 285.1021578831192,199.9989757430044 284.9997188587295,199.9989757430044 284.9997188587295,195.7989757430043 285.1021578831192,195.7989757430043 285.1021578831192,199.9989757430044 

PLINE 289.302157883119,199.9989757430043 289.1997188587284,199.9989757430043 289.1997188587284,195.7989757430043 289.302157883119,195.7989757430043 289.302157883119,199.9989757430043 

PLINE 283.0021578831152,216.9014147673949 282.797279834333,216.9014147673949 282.797279834333,212.4965367186141 283.0021578831152,212.4965367186141 283.0021578831152,216.9014147673949 

PLINE 280.9021578831184,220.998975743005 280.7997188587283,220.998975743005 280.7997188587283,212.4965367186142 280.9021578831184,212.4965367186142 280.9021578831184,220.998975743005 

PLINE 267.7205781232692,209.9867806210535 266.6961878793659,209.9867806210535 266.6961878793659,208.3733659869249 267.7205781232692,208.3733659869249 267.7205781232692,209.9867806210535 

PLINE 268.2327732452204,209.9867806210535 267.7205781232692,209.9867806210535 267.7205781232692,208.3477562308333 268.2327732452204,208.3477562308333 268.2327732452204,209.9867806210535 

PLINE 266.6961878793659,210.7038537917852 266.5937488549753,210.7038537917852 266.5937488549753,207.6050733040099 266.6961878793659,207.6050733040099 266.6961878793659,210.7038537917852 

PLINE 269.4127721000928,210.7038537917852 269.335942831789,210.7038537917852 269.335942831789,209.1928781820648 269.4127721000928,209.1928781820648 269.4127721000928,210.7038537917852 

PLINE 287.7655725172654,223.0989757430048 287.7143530050703,223.0989757430048 287.7143530050703,222.5867806210536 287.7655725172654,222.5867806210536 287.7655725172654,223.0989757430048 

PLINE 288.2777676392166,223.0989757430048 288.226548127021,223.0989757430048 288.226548127021,222.5867806210536 288.2777676392166,222.5867806210536 288.2777676392166,223.0989757430048 

PLINE 288.7899627611673,223.2014147673952 288.7387432489727,223.2014147673952 288.7387432489727,222.5355611088584 288.7899627611673,222.5355611088584 288.7899627611673,223.2014147673952 

PLINE 298.2521578831143,216.9014147673949 298.2021578831141,216.9014147673949 298.2021578831141,216.2489757430048 298.2521578831143,216.2489757430048 298.2521578831143,216.9014147673949 

PLINE 298.7521578831143,216.9014147673949 298.7021578831141,216.9014147673949 298.7021578831141,216.2489757430048 298.7521578831143,216.2489757430048 298.7521578831143,216.9014147673949 

PLINE 299.2521578831143,216.9014147673949 299.2021578831127,216.9014147673949 299.2021578831127,216.2489757430048 299.2521578831143,216.2489757430048 299.2521578831143,216.9014147673949 

PLINE 277.2521578831184,210.601414767395 277.2021578831186,210.601414767395 277.2021578831186,210.1014147673951 277.2521578831184,210.1014147673951 277.2521578831184,210.601414767395 

PLINE 277.7521578831184,210.6014147673948 277.7021578831186,210.6014147673948 277.7021578831186,210.1014147673951 277.7521578831184,210.1014147673951 277.7521578831184,210.6014147673948 

PLINE 278.2521578831183,210.6014147673948 278.2021578831186,210.6014147673948 278.2021578831186,210.1014147673951 278.2521578831183,210.1014147673951 278.2521578831183,210.6014147673948 

PLINE 272.5021578831142,225.1989757430052 272.3997188587232,225.1989757430052 272.3997188587232,223.4634528810237 272.5021578831142,223.4634528810237 272.5021578831142,225.1989757430052 

PLINE 264.3392235418105,210.4965367186145 264.236784517419,210.4965367186145 264.236784517419,208.3940976942242 264.3392235418105,208.3940976942242 264.3392235418105,210.4965367186145 

PLINE 264.8392235418105,212.5989757430046 264.7367845174203,212.5989757430046 264.7367845174203,210.3940976942242 264.8392235418105,210.3940976942242 264.8392235418105,212.5989757430046 

PLINE 264.8392235418105,208.4965367186145 264.7367845174203,208.4965367186145 264.7367845174203,202.2014147673949 264.8392235418105,202.2014147673949 264.8392235418105,208.4965367186145 

PLINE 262.5497188587269,210.4965367186145 262.4997188587263,210.4965367186145 262.4997188587263,208.3940976942242 262.5497188587269,208.3940976942242 262.5497188587269,210.4965367186145 

PLINE 283.0021578831129,224.4965367186146 282.8997188587246,224.4965367186146 282.8997188587246,220.8974075284298 283.0021578831129,220.8974075284298 283.0021578831129,224.4965367186146 

PLINE 287.2021578831141,216.9055635987192 286.9972798343328,216.9055635987192 286.9972798343328,212.4992507411301 287.2021578831141,212.4992507411301 287.2021578831141,216.9055635987192 

PLINE 297.7021578831186,206.4014147673947 297.5997188587294,206.4014147673947 297.5997188587294,202.0989757430045 297.7021578831186,202.0989757430045 297.7021578831186,206.4014147673947 

PLINE 293.3997188587282,206.4014147673949 293.2972798343381,206.4014147673949 293.2972798343381,202.0989757430045 293.3997188587282,202.0989757430045 293.3997188587282,206.4014147673949 



PLINE 304.0021578831193,225.3014147673952 261.7972798343362,225.3014147673952 261.7972798343362,225.1886007289408 304.0021578831193,225.1886007289408 304.0021578831193,225.3014147673952 

PLINE 287.0997188587294,224.4965367186149 278.4747553329589,224.4965367186149 278.4747553329589,224.3940976942244 287.0997188587294,224.3940976942244 287.0997188587294,224.4965367186149 

PLINE 304.0021578830939,216.9014147673951 301.7997188587283,216.9014147673951 301.7997188587283,216.7989757430049 304.0021578830939,216.7989757430049 304.0021578830939,216.9014147673951 

PLINE 299.8021578831185,216.9014147673949 291.1972798343377,216.9014147673949 291.1972798343377,216.7989757430049 299.8021578831185,216.7989757430049 299.8021578831185,216.9014147673949 

PLINE 287.2021578831141,216.9014147673949 282.7972798343344,216.9014147673949 282.7972798343344,216.6965367186143 287.2021578831141,216.6965367186143 287.2021578831141,216.9014147673949 

PLINE 280.9021578831184,216.9014147673949 261.7972798343367,216.9014147673949 261.7972798343367,216.6965367186147 280.9021578831184,216.6965367186147 280.9021578831184,216.9014147673949 

PLINE 304.0021578830318,195.7989757430044 261.797279834338,195.7989757430044 261.797279834338,195.6965367185962 304.0021578830318,195.6965367185962 304.0021578830318,195.7989757430044 

PLINE 304.0021578830811,212.7014147673949 301.7997188587283,212.7014147673949 301.7997188587283,212.5989757430047 304.0021578830811,212.5989757430047 304.0021578830811,212.7014147673949 

PLINE 299.8021578831185,212.7014147673949 291.1972798343368,212.7014147673949 291.1972798343368,212.5989757430047 299.8021578831185,212.5989757430047 299.8021578831185,212.7014147673949 

PLINE 280.9021578831184,212.5989757430045 278.371594862484,212.5989757430045 278.371594862484,212.4965367186142 280.9021578831184,212.4965367186142 280.9021578831184,212.5989757430045 

PLINE 274.6002216978031,212.5989757430047 270.197279834249,212.5989757430047 270.197279834249,212.4965367186145 274.6002216978031,212.4965367186145 274.6002216978031,212.5989757430047 

PLINE 268.302157883119,212.5989757430047 261.797279834337,212.5989757430047 261.797279834337,212.496536718614 268.302157883119,212.496536718614 268.302157883119,212.5989757430047 

PLINE 287.2021578831141,212.4996220406274 285.4997188587244,212.4996220406274 285.4997188587244,212.4965367186141 287.2021578831141,212.4965367186141 287.2021578831141,212.4996220406274 

PLINE 287.2021578831141,212.7014147673949 282.7972798343344,212.7014147673949 282.7972798343344,212.496536718614 287.2021578831141,212.496536718614 287.2021578831141,212.7014147673949 

PLINE 264.8392235418105,210.4965367186145 261.7972798343371,210.4965367186145 261.7972798343371,210.3940976942242 264.8392235418105,210.3940976942242 264.8392235418105,210.4965367186145 

PLINE 262.5497188587269,209.9440976942243 261.7972798343372,209.9440976942243 261.7972798343372,209.8940976942242 262.5497188587269,209.8940976942242 262.5497188587269,209.9440976942243 

PLINE 264.3392235418107,209.4440976942241 261.7972798343372,209.4440976942241 261.7972798343372,209.3940976942243 264.3392235418107,209.3940976942243 264.3392235418107,209.4440976942241 

PLINE 264.8392235418105,208.9440976942241 261.7972798343373,208.9440976942241 261.7972798343373,208.4965367186145 264.8392235418105,208.4965367186145 264.8392235418105,208.9440976942241 

PLINE 264.8392235418105,208.3940976942242 261.7972798343373,208.3940976942242 261.7972798343373,208.3940976942242 264.8392235418105,208.3940976942242 264.8392235418105,208.3940976942242 

PLINE 264.8392235418105,206.4038537917847 261.7972798343374,206.4038537917847 261.7972798343374,206.3014147673946 264.8392235418105,206.3014147673946 264.8392235418105,206.4038537917847 

PLINE 264.8392235418105,204.3014147673946 261.7972798343375,204.3014147673946 261.7972798343375,204.1989757430043 264.8392235418105,204.1989757430043 264.8392235418105,204.3014147673946 

PLINE 304.0021578830674,208.1715238401066 301.7997188587283,208.1715238401066 301.7997188587283,208.0690848157165 304.0021578830674,208.0690848157165 304.0021578830674,208.1715238401066 

PLINE 299.8021578831185,208.1715238401019 291.1972798343358,208.1715238401019 291.1972798343358,208.0690848157158 299.8021578831185,208.0690848157158 299.8021578831185,208.1715238401019 

PLINE 278.8021578831171,208.5014147673946 274.397279834338,208.5014147673946 274.397279834338,208.3989757430046 278.8021578831171,208.3989757430046 278.8021578831171,208.5014147673946 

PLINE 304.0021578830557,204.3014147673949 301.9021578831184,204.3014147673949 301.9021578831184,204.1989757430044 304.0021578830557,204.1989757430044 304.0021578830557,204.3014147673949 

PLINE 293.3997188587282,204.3014147673948 291.1972798343377,204.3014147673948 291.1972798343377,204.1989757430044 293.3997188587282,204.1989757430044 293.3997188587282,204.3014147673948 

PLINE 278.8021578831171,204.3014147673948 274.3956794542855,204.3014147673948 274.3956794542855,204.1989757430044 278.8021578831171,204.1989757430044 278.8021578831171,204.3014147673948 

PLINE 270.197279834334,204.1989757430044 266.202157883114,204.1989757430044 266.202157883114,204.0965367186141 270.197279834334,204.0965367186141 270.197279834334,204.1989757430044 

PLINE 304.0021578831193,200.1014147673946 272.3572872255104,200.1014147673946 272.3572872255104,199.9989757430043 304.0021578831193,199.9989757430043 304.0021578831193,200.1014147673946 

PLINE 270.2997188587292,202.2014147673949 261.797279834338,202.2014147673949 261.797279834338,202.0989757430045 270.2997188587292,202.0989757430045 270.2997188587292,202.2014147673949 

PLINE 299.8021578831185,202.2014147673949 291.1972798343377,202.2014147673949 291.1972798343377,202.0989757430042 299.8021578831185,202.0989757430042 299.8021578831185,202.2014147673949 

PLINE 278.8021578831171,202.2014147673946 274.397279834338,202.2014147673946 274.397279834338,202.0989757430045 278.8021578831171,202.0989757430045 278.8021578831171,202.2014147673946 

PLINE 299.8021578831185,206.401414767395 291.1972798343377,206.401414767395 291.1972798343377,206.2989757430043 299.8021578831185,206.2989757430043 299.8021578831185,206.401414767395 

PLINE 293.2972798343381,210.4764018888823 291.2997188587283,210.4764018888823 291.2997188587283,210.3739628644919 293.2972798343381,210.3739628644919 293.2972798343381,210.4764018888823 

PLINE 278.8021578831171,210.7038537917853 274.397279834338,210.7038537917853 274.397279834338,210.6014147673948 278.8021578831171,210.6014147673948 278.8021578831171,210.7038537917853 

PLINE 303.8997188587282,219.1038537917855 287.099718858728,219.1038537917855 287.099718858728,219.0014147673948 303.8997188587282,219.0014147673948 303.8997188587282,219.1038537917855 

PLINE 288.5207372561295,202.1501952551996 281.4756604584695,202.1501952551996 281.4756604584695,202.0989757430041 288.5207372561295,202.0989757430041 288.5207372561295,202.1501952551996 

PLINE 288.5207372561303,210.3949596904475 281.4756624413139,210.3949596904475 281.4756624413139,210.3437401782523 288.5207372561303,210.3437401782523 288.5207372561303,210.3949596904475 

PLINE 288.2021578831159,209.97118156324 287.0625499357379,209.97118156324 287.0625499357379,209.9711815632398 288.2021578831159,209.9711815632398 288.2021578831159,209.97118156324 

PLINE 288.2021578831159,202.5894266211618 281.7972798343353,202.5894266211618 281.7972798343353,202.5894266211618 288.2021578831159,202.5894266211618 288.2021578831159,202.5894266211618 

PLINE 282.9371591150943,209.9858050149567 281.7972798343353,209.9858050149567 281.7972798343353,209.9858050149566 282.9371591150943,209.9858050149566 282.9371591150943,209.9858050149567 

PLINE 291.4021578831187,223.2014147673952 287.099718858728,223.2014147673952 287.099718858728,223.0989757430048 291.4021578831187,223.0989757430048 291.4021578831187,223.2014147673952 

PLINE 270.2997188587269,207.7075123284004 265.9972798343379,207.7075123284004 265.9972798343379,207.6050733040099 270.2997188587269,207.6050733040099 270.2997188587269,207.7075123284004 

PLINE 270.4021578831189,210.7038537917852 265.9972798343379,210.7038537917852 265.9972798343379,210.6014147673948 270.4021578831189,210.6014147673948 270.4021578831189,210.7038537917852 

PLINE 268.2071634891226,208.3221464747417 266.5937488549762,208.3221464747417 266.5937488549762,208.3221464747416 268.2071634891226,208.3221464747416 268.2071634891226,208.3221464747417 

PLINE 268.2327732452204,209.9867806210535 266.5937488549771,209.9867806210535 266.5937488549771,209.9867806210535 268.2327732452204,209.9867806210535 268.2327732452204,209.9867806210535 

PLINE 268.1815537330249,209.9373890846018 266.6961878793659,209.9373890846018 266.6961878793659,209.9355611088701 268.1815537330249,209.9355611088701 268.1815537330249,209.9373890846018 

PLINE 270.401111128658,209.1928781820651 266.5937488549762,209.1928781820651 266.5937488549762,209.1160489137601 270.401111128658,209.1160489137601 270.401111128658,209.1928781820651 

PLINE 288.7899627611673,222.5867806210536 287.0997188587286,222.5867806210536 287.0997188587286,222.5355611088584 288.7899627611673,222.5355611088584 288.7899627611673,222.5867806210536 

PLINE 278.3723163085697,223.5634528810238 272.3997188587232,223.5634528810238 272.3997188587232,223.4634528810234 278.3723163085697,223.4634528810234 278.3723163085697,223.5634528810238 

PLINE 299.8021578831185,216.2989757430048 297.599718858728,216.2989757430048 297.599718858728,216.2489757430048 299.8021578831185,216.2489757430048 299.8021578831185,216.2989757430048 

PLINE 278.8021578831171,210.1014147673951 276.4972798343374,210.1014147673951 276.4972798343374,210.0514147673951 278.8021578831171,210.0514147673951 278.8021578831171,210.1014147673951 

PLINE 287.2021578831189,220.9989757430051 278.3723163085697,220.9989757430051 278.3723163085697,220.8965367186145 287.2021578831189,220.8965367186145 287.2021578831189,220.9989757430051 

PLINE 299.6997188587284,214.8693722872804 297.599718858728,214.8693722872804 297.599718858728,214.7669332628912 299.6997188587284,214.7669332628912 299.6997188587284,214.8693722872804 




