
PLINE 10959.94326951812,9168.483658904655 10959.94326951812,9260.888781710148 10959.94326951812,9260.888781710148 7652.382079315803,9260.888781710148 7652.382079315803,9260.888781710148 7652.382079315803,3026.3581493441598 7652.382079315803,3026.3581493441598 10959.94326951812,3026.3581493441598 10959.94326951812,3026.3581493441598 10959.94326951812,9168.483658904655 

PLINE 4359.943269518124,9168.483658904646 4359.943269518124,9260.888781710148 4359.943269518124,9260.888781710148 1068.747256229089,9260.888781710148 1068.747256229089,9260.888781710148 1068.747256229089,3026.3581493441598 1068.747256229089,3026.3581493441598 4359.943269518124,3026.3581493441598 4359.943269518124,3026.3581493441598 4359.943269518124,9168.483658904646 

PLINE 10959.943269518122,11425.510933443813 10959.943269518122,11518.48365890459 10959.943269518122,11518.48365890459 10959.943269518122,17661.983819562567 10959.943269518122,17661.983819562567 14245.18469157538,17661.983819562567 14245.18469157538,17661.983819562567 14245.18469157538,11425.510933443813 14245.18469157538,11425.510933443813 10959.943269518122,11425.510933443813 

PLINE 14245.18469157538,17661.983819562567 20859.943269518128,17661.983819562567 20859.943269518128,17661.983819562567 20859.943269518128,11449.04478275403 20859.943269518128,11449.04478275403 27507.17565988073,11449.04478275403 27569.94326951812,11449.04478275403 27569.94326951812,7643.6584840794685 27569.94326951812,7643.6584840794685 20758.588021536558,7643.6584840794685 20758.588021536558,7643.6584840794685 20758.588021536558,3026.3581493441598 
 20663.40388905828,3026.3581493441598 17466.962187305988,3026.3581493441598 17466.962187305988,3026.3581493441598 14245.18469157538,3026.3581493441598 14245.18469157538,3026.3581493441598 14245.18469157538,4361.225594388517 14245.18469157538,4361.225594388517 14245.18469157538,6768.483658904647 14245.18469157538,6768.483658904647 14245.18469157538,9260.888781710148 14245.18469157538,9260.888781710148 14245.18469157538,11425.510933443813 
 14245.18469157538,11425.510933443813 14245.18469157538,17661.983819562567 

PLINE 4359.943269518124,3026.3581493441598 7652.382079315803,3026.3581493441598 7652.382079315803,3026.3581493441598 7652.382079315803,9260.888781710148 7652.382079315803,9260.888781710148 4359.943269518124,9260.888781710148 4359.943269518124,9168.483658904646 4359.943269518124,3026.3581493441598 

PLINE 10959.94326951812,3026.3581493441598 14245.18469157538,3026.3581493441598 14245.18469157538,3026.3581493441598 14245.18469157538,4361.225594388517 14245.18469157538,4361.225594388517 14245.18469157538,6768.483658904647 14245.18469157538,6768.483658904647 14245.18469157538,9260.888781710148 14245.18469157538,9260.888781710148 10959.94326951812,9260.888781710148 10959.94326951812,9168.483658904655 10959.94326951812,3026.3581493441598 
 

PLINE 14245.18469157538,4361.225594388517 14359.94326951812,4361.225594388517 14359.94326951812,4361.225594388517 17466.962187305988,4361.225594388517 17466.962187305988,4361.225594388517 17466.962187305988,3118.483658904656 17466.962187305988,3026.3581493441598 14245.18469157538,3026.3581493441598 14245.18469157538,3026.3581493441598 14245.18469157538,4361.225594388517 

PLINE 1068.747256229089,13544.873010791605 1159.943269518125,13544.873010791605 1159.943269518125,13544.873010791605 2968.369135630416,13544.873010791605 2968.369135630416,13544.873010791605 2968.369135630416,11440.154697315444 2968.369135630416,11440.154697315444 1068.747256229089,11440.154697315444 1068.747256229089,11440.154697315444 1068.747256229089,13544.873010791605 

PLINE 7560.170227004427,13544.873010791605 7681.472802985475,13544.873010791605 7681.472802985475,13544.873010791605 7681.472802985475,11425.510933443813 7681.472802985475,11425.510933443813 5750.715937869119,11425.510933443813 5750.715937869119,11425.510933443813 5750.715937869119,13544.873010791605 5750.715937869119,13544.873010791605 7560.170227004427,13544.873010791605 

PLINE 27507.17565988073,11449.04478275403 27543.318773904262,11485.08443532351 27569.94326951812,11511.632716999975 33737.95059855954,17661.983819562567 33737.95059855954,17661.983819562567 27120.228542556164,17661.983819562567 27120.228542556164,17661.983819562567 20859.943269518128,17661.983819562567 20859.943269518128,17661.983819562567 20859.943269518128,11449.04478275403 20859.943269518128,11449.04478275403 27507.17565988073,11449.04478275403 
 

PLINE 1068.747256229089,17701.92748068477 1137.9131237699505,17766.09698565774 1137.9131237699505,17766.09698565774 2303.9685124630587,18847.919562657826 2303.9685124630587,18847.919562657826 4355.001933786321,18847.919562657826 4355.001933786321,18743.48365890466 4355.001933786321,13544.873010791605 4355.001933786321,13544.873010791605 2968.369135630416,13544.873010791605 2968.369135630416,13544.873010791605 1159.943269518125,13544.873010791605 
 1068.747256229089,13544.873010791605 1068.747256229089,17701.92748068477 

PLINE 20758.588021536558,2943.3251827141758 20787.064890293812,2918.483658904656 20787.064890293812,2918.483658904656 24159.94326951813,-23.814501695240324 24159.94326951813,-23.814501695240324 27532.821648742327,2918.483658904656 27569.94326951812,2950.866349368647 27569.94326951812,7643.6584840794685 27569.94326951812,7643.6584840794685 20758.588021536558,7643.6584840794685 20758.588021536558,7643.6584840794685 20758.588021536558,3026.3581493441598 
 

PLINE 7581.680513629482,17766.6503876603 7681.472802985475,17673.722068705953 7681.472802985475,17661.983819562567 7681.472802985475,13544.873010791605 7560.170227004427,13544.873010791605 5750.715937869119,13544.873010791605 5750.715937869119,13544.873010791605 4355.001933786321,13544.873010791605 4355.001933786321,13544.873010791605 4355.001933786321,18743.48365890466 4355.001933786321,18847.919562657826 6420.545483993601,18847.919562657826 
 6420.545483993601,18847.919562657826 7581.680513629482,17766.6503876603 

PLINE 7681.472802985475,17673.722068705953 7694.078075180539,17661.983819562567 7694.078075180539,17661.983819562567 10959.943269518122,17661.983819562567 10959.943269518122,17661.983819562567 10959.943269518122,11518.48365890459 10959.943269518122,11425.510933443813 7681.472802985475,11425.510933443813 7681.472802985475,11425.510933443813 7681.472802985475,13544.873010791605 7681.472802985475,13544.873010791605 7681.472802985475,17661.983819562567 
 
