1,46947,27783,46947,27873,46947,27873,46848,27783,46848,27783,40342,21891,40335,21552,44917,21552,44917,21552,46947,21552,46947,21552,46947,22375,46947,22375,46947,23975,46947,23975,46947,27783,
2,57217,27783,60142,27783,60142,27783,60142,21552,60142,21552,58417,21552,58417,21552,53767,21552,53317,21552,46947,21552,46947,21552,46947,22375,46947,22375,46947,23975,46947,23975,46947,27783,46947,27783,49867,27783,49867,27783,50617,27783,50617,27783,53175,27783,53175,27783,53908,27783,53908,27783,56467,27783,56467,27783,57217,27783,
3,57292,13146,60142,13146,60142,13146,60142,19329,60142,19329,58117,19329,58117,19329,53536,19329,53536,19329,53536,17531,53536,17531,53536,13146,53536,13146,56392,13146,56392,13146,57292,13146,
4,66411,13146,67072,13146,67072,13146,69592,13146,69592,13146,70492,13146,70492,13146,73011,13146,73011,13146,73672,13146,73672,13146,76192,13146,76192,13146,77092,13146,77092,13146,79611,13146,79611,13146,80272,13146,80272,13146,82792,13146,82792,13146,83692,13146,83692,13146,86517,13146,86517,13146,86517,14483,86517,14483,86517,16891,86517,16891,86517,19329,86517,19329,84817,19329,84817,19329,82456,19329,82456,19329,81627,19329,81627,19329,79930,19329,79930,19329,73567,19329,73117,19329,66967,19329,66517,19329,62167,19329,62167,19329,60142,19329,60142,19329,60142,13146,60142,13146,62992,13146,62992,13146,63892,13146,63892,13146,66411,13146,
5,86517,14483,86642,14483,86642,14483,89749,14483,89749,14483,89749,13241,89749,13146,86517,13146,86517,13146,86517,14483,
6,73316,23667,73442,23667,73442,23667,74038,23667,74038,23667,75250,23667,75250,23667,75250,21552,75250,21552,73316,21552,73316,21552,73316,23667,
7,79842,23667,79963,23667,79963,23667,79963,21551,79963,21551,78032,21551,78032,21551,78032,23667,78032,23667,79143,23667,79143,23667,79842,23667,
8,41842,11641,41934,11541,41842,11541,41750,11541,41750,11541,40367,13041,40335,13491,40567,13491,40567,13041,41842,11641,
9,102852,27784,102941,27691,102941,27691,103498,27107,103498,27107,104291,26277,104291,26277,105836,27784,105836,27784,102852,27784,
10,79863,27889,79963,27796,79963,27784,79963,23667,79842,23667,79143,23667,79143,23667,78032,23667,78032,23667,76637,23667,76637,23667,76637,28866,76637,28970,78702,28970,78702,28970,79863,27889,
11,79963,27796,79976,27784,79976,27784,82867,27784,82867,27784,83617,27784,83617,27784,86549,27784,86549,27784,86549,21551,86549,21551,81663,21551,81663,21551,79963,21551,79963,21551,79963,23667,79963,23667,79963,27784,
12,50142,13241,50254,13378,50254,13378,50254,16265,50254,16265,50254,19329,50254,19329,52142,19329,52142,19329,53536,19329,53536,19329,53536,17531,53536,17531,53536,13146,53536,13146,50263,13146,
13,48842,11441,48925,11541,48842,11641,50065,13146,50254,13378,50254,16265,50132,16265,48332,16265,48332,16265,40442,16265,40335,16265,40335,13491,40567,13041,41842,11641,41934,11541,48760,11541,
14,50175,13041,50254,13135,50254,13135,50254,13041,50175,13041,48925,11541,48842,11641,50065,13146,
15,99446,21551,99504,21607,99852,21551,99852,17766,99852,17766,93040,17766,93040,17766,93040,15941,93040,15941,93040,13146,92947,13146,90517,13146,90517,13146,89749,13146,89749,13241,89749,14483,89749,14483,86642,14483,86517,14483,86517,16891,86517,16891,86517,19329,86517,19329,89748,19329,89748,19329,89748,21444,89748,21551,92917,21551,93367,21551,99446,21551,
16,99852,21946,104291,26277,104291,26277,103498,27107,103498,27107,102941,27691,102852,27784,99967,27784,99967,27784,99402,27784,99402,27784,96816,27784,96816,27784,96067,27784,96067,27784,93508,27784,93508,27784,92775,27784,92775,27784,90217,27784,90217,27784,89467,27784,89467,27784,86549,27784,86549,27784,86549,21551,86549,21551,88269,21551,88269,21551,89748,21551,89748,21551,92917,21551,93367,21551,99446,21551,99446,21551,99504,21607,
17,99814,13041,99852,13073,99852,13491,99852,14266,99852,14266,99852,16666,99852,16666,99852,17766,99852,17766,93040,17766,93040,17766,93040,15941,93040,15941,93040,13146,93069,13041,96442,10098,96442,10098,99814,13041,
18,73307,27783,73316,27792,73316,27783,73316,23667,73316,23667,73316,21552,73316,21552,71617,21552,71617,21552,66742,21552,66742,21552,61867,21552,61867,21552,60142,21552,60142,21552,60142,27783,60142,27783,63067,27783,63067,27783,63817,27783,63817,27783,66375,27783,66375,27783,67108,27783,67108,27783,69667,27783,69667,27783,70417,27783,70417,27783,73307,27783,
19,73316,27792,73420,27888,73420,27888,74586,28970,74586,28970,76637,28970,76637,28866,76637,23667,76637,23667,75250,23667,75250,23667,74038,23667,74038,23667,73442,23667,73316,23667,73316,27783,
