PLINE 4359.943269518124,9260.888781710148 7652.382079315803,9260.888781710148 
PLINE 10959.94326951812,9260.888781710148 14245.18469157538,9260.888781710148 
PLINE 10959.94326951812,3026.3581493441598 10959.94326951812,9168.483658904655 
PLINE 1068.747256229089,9260.888781710148 4359.943269518124,9260.888781710148 
PLINE 10959.943269518122,11425.510933443813 14245.18469157538,11425.510933443813 
PLINE 7681.472802985475,11425.510933443813 10959.943269518122,11425.510933443813 
PLINE 2968.369135630416,13544.873010791605 4355.001933786321,13544.873010791605 
PLINE 1159.943269518125,13544.873010791605 2968.369135630416,13544.873010791605 
PLINE 5750.715937869119,13544.873010791605 7560.170227004427,13544.873010791605 
PLINE 4355.001933786321,13544.873010791605 5750.715937869119,13544.873010791605 
PLINE 17466.962187305988,3118.483658904656 17466.962187305988,4361.225594388517 
PLINE 20758.588021536558,3026.3581493441598 20758.588021536558,7643.6584840794685 
PLINE 14245.18469157538,9260.888781710148 14245.18469157538,11425.510933443813 
PLINE 20859.943269518128,11449.04478275403 20859.943269518128,17661.983819562567 
