PLINE 84043.70804182609,31565.26915167018 84043.70804182609,31815.26915167018 
PLINE 84043.70804182609,31815.26915167018 84043.70804182609,37786.88649146476 
PLINE 84043.70804182609,37786.88649146476 84043.70804182609,38015.26915167023 
PLINE 97256.20804182607,23165.26915167023 97256.20804182607,23265.26915167023 
PLINE 97256.20804182607,23265.26915167023 97256.20804182607,29515.26915167023 
PLINE 97256.20804182607,29515.26915167023 97256.20804182607,29615.26915167023 
PLINE 33031.20804182609,23339.90491063296 33031.20804182609,23615.26915167023 
PLINE 33031.20804182609,23615.26915167023 33031.20804182609,29165.26915167023 
PLINE 37860.3455560969,23324.14705126553 37860.3455560969,23390.26915167023 
PLINE 37860.3455560969,23390.26915167023 37860.3455560969,25754.100227602805 
PLINE 37860.3455560969,25754.100227602805 37860.3455560969,29170.85361370394 
PLINE 37859.37198186744,18912.9480807209 37859.37198186744,19137.233258235996 
PLINE 37859.37198186744,19137.233258235996 37859.37198186744,23165.26915167024 
PLINE 37859.37198186744,23165.26915167024 37859.37198186744,23323.164375094027 
PLINE 110456.2080418261,23165.26915167023 110456.2080418261,23393.593489821804 
PLINE 110456.2080418261,23393.593489821804 110456.2080418261,29415.26915167024 
PLINE 110456.2080418261,29415.26915167024 110456.2080418261,29601.70461033388 
PLINE 103856.2080418261,23165.26915167023 103856.2080418261,23393.593489821804 
PLINE 103856.2080418261,23393.593489821804 103856.2080418261,29415.26915167023 
PLINE 103856.2080418261,29415.26915167023 103856.2080418261,29515.26915167023 
PLINE 77631.20804182609,23165.26915167023 77631.20804182609,23265.26915167023 
PLINE 77631.20804182609,23265.26915167023 77631.20804182609,23455.269003367415 
PLINE 77631.20804182609,23455.269003367415 77631.20804182609,26390.26915167024 
PLINE 77631.20804182609,26390.26915167024 77631.20804182609,29515.269151670233 
PLINE 77631.20804182609,29515.269151670233 77631.20804182609,29615.26915167024 
PLINE 37993.70804182609,29615.26915167024 37993.70804182609,29659.019151670233 
PLINE 37993.70804182609,29659.019151670233 37993.70804182609,31634.01915167021 
PLINE 37993.70804182609,31634.01915167021 37993.70804182609,37902.76915167023 
PLINE 37993.70804182609,37902.76915167023 37993.70804182609,38015.26915167023 
PLINE 64271.114060238615,33515.26915167023 64271.114060238615,37915.26915167023 
PLINE 64271.114060238615,37915.26915167023 64271.114060238615,38015.26915167023 
PLINE 90656.20804182609,31565.26915167018 90656.20804182609,31815.26915167018 
PLINE 90656.20804182609,31815.26915167018 90656.20804182609,37786.88649146476 
PLINE 90656.20804182609,37786.88649146476 90656.20804182609,38015.26915167023 
PLINE 97256.20804182609,31665.269151670185 97256.20804182609,31765.26915167018 
PLINE 97256.20804182609,31765.26915167018 97256.20804182609,37786.88649146476 
PLINE 97256.20804182609,37786.88649146476 97256.20804182609,38015.26915167023 
PLINE 106780.19221389723,37998.00280479449 107094.51829582712,37998.00280479449 
PLINE 107094.51829582712,37998.00280479449 107156.2080418261,37998.00280479449 
PLINE 107156.2080418261,37998.00280479449 107259.7972321048,37998.00280479449 
PLINE 126430.4572696427,37915.26915167023 126730.4572696426,37915.26915167023 
PLINE 33731.20804182609,31634.01915167021 33731.20804182609,32015.26915167023 
PLINE 33731.20804182609,32015.26915167023 33731.20804182609,37565.26915167023 
PLINE 33731.20804182609,37565.26915167023 33731.20804182609,37902.76915167023 
PLINE 41157.71577758433,23265.26915167023 41157.71577758433,23615.26915167023 
PLINE 41157.71577758433,23615.26915167023 41157.71577758433,25754.100227602805 
PLINE 41157.71577758433,25754.100227602805 41157.71577758433,29165.26915167023 
PLINE 41157.71577758433,29165.26915167023 41157.71577758433,29515.26915167024 
PLINE 54356.20804182609,31665.269151670185 54356.20804182609,31665.269151670185 
PLINE 54356.20804182609,31665.269151670185 54356.20804182609,32015.26915167023 
PLINE 54356.20804182609,32015.26915167023 54356.20804182609,34815.26915167023 
PLINE 54356.20804182609,34815.26915167023 54356.20804182609,37565.26915167023 
PLINE 54356.20804182609,37565.26915167023 54356.20804182609,37915.26915167023 
PLINE 54356.20804182609,37915.26915167023 54356.20804182609,37915.26915167023 
PLINE 54356.208041826074,23396.397297105512 54356.208041826074,23627.52544254079 
PLINE 54356.208041826074,23627.52544254079 54356.208041826074,29163.03447244537 
PLINE 54356.208041826074,29163.03447244537 54356.208041826074,29389.151812057804 
PLINE 67556.20804182609,23265.26915167023 67556.20804182609,23412.157937314798 
PLINE 67556.20804182609,23412.157937314798 67556.20804182609,23615.26915167023 
PLINE 67556.20804182609,23615.26915167023 67556.20804182609,26390.26915167024 
PLINE 67556.20804182609,26390.26915167024 67556.20804182609,29153.92414732638 
PLINE 67556.20804182609,29153.92414732638 67556.20804182609,29384.596649498308 
PLINE 74156.20804182609,31821.30158892157 74156.20804182609,32077.33402617296 
PLINE 74156.20804182609,32077.33402617296 74156.20804182609,34815.26915167023 
PLINE 74156.20804182609,34815.26915167023 74156.20804182609,37565.26915167023 
PLINE 74156.20804182609,37565.26915167023 74156.20804182609,37915.26915167023 
PLINE 74156.20804182609,37915.26915167023 74156.20804182609,37915.26915167023 
PLINE 87356.20804182609,31815.26915167018 87356.20804182609,32041.49481119616 
PLINE 87356.20804182609,32041.49481119616 87356.20804182609,37558.50383125928 
PLINE 87356.20804182609,37558.50383125928 87356.20804182609,37786.88649146476 
PLINE 87354.86064588829,23265.26915167023 87354.86064588829,23265.26915167023 
PLINE 87354.86064588829,23265.26915167023 87354.86064588829,23615.26915167023 
PLINE 87354.86064588829,23615.26915167023 87354.86064588829,29515.2933337365 
PLINE 87354.86064588829,29515.2933337365 87354.86064588829,29615.31751580277 
PLINE 107156.2080418261,23393.593489821804 107156.2080418261,23621.91782797338 
PLINE 107156.2080418261,23621.91782797338 107156.2080418261,28715.26915167023 
PLINE 107156.2080418261,28715.26915167023 107156.2080418261,29165.26915167023 
PLINE 107156.2080418261,29165.26915167023 107156.2080418261,29515.26915167023 
PLINE 120356.2080418261,31962.93952144083 120356.2080418261,32060.60989121149 
PLINE 120356.2080418261,32060.60989121149 120356.2080418261,37559.56391018778 
PLINE 120356.2080418261,37559.56391018778 120356.2080418261,37786.64173664972 
PLINE 113754.75441629445,29601.70461033388 113754.75441629445,29615.26915167023 
PLINE 113754.75441629445,29615.26915167023 113754.75441629445,31576.554272243928 
PLINE 113754.75441629445,31576.554272243928 113754.75441629445,37558.0143216292 
PLINE 113754.75441629445,37558.0143216292 113754.75441629445,37786.64173664972 
PLINE 107156.09456308291,31664.581094025853 107156.09456308291,32015.26915167023 
PLINE 107156.09456308291,32015.26915167023 107156.09456308291,33787.93986031735 
PLINE 107156.09456308291,33787.93986031735 107156.09456308291,37565.26915167023 
PLINE 107156.09456308291,37565.26915167023 107156.09456308291,37786.64173664972 
PLINE 107156.09456308291,37786.64173664972 107156.09456308291,37940.661911620366 
PLINE 93956.20804182609,31665.269151670185 93956.20804182609,31765.26915167019 
PLINE 93956.20804182609,31765.26915167019 93956.20804182609,31815.26915167018 
PLINE 93956.20804182609,31815.26915167018 93956.20804182609,37564.79169150372 
PLINE 93956.20804182609,37564.79169150372 93956.20804182609,37786.88649146476 
PLINE 100556.2080418261,31665.269151670185 100556.2080418261,31665.26915167023 
PLINE 100556.2080418261,31665.26915167023 100556.2080418261,31765.26915167019 
PLINE 100556.2080418261,31765.26915167019 100556.2080418261,33787.93986031735 
PLINE 100556.2080418261,33787.93986031735 100556.2080418261,37565.26915167023 
PLINE 100556.2080418261,37565.26915167023 100556.2080418261,37786.88649146476 
PLINE 100556.2080418261,37786.88649146476 100556.2080418261,37940.54496386536 
PLINE 100031.2080418261,37915.26915167023 100528.9642056922,37915.26915167023 
PLINE 100528.9642056922,37915.26915167023 100556.2080418261,37915.26915167023 
PLINE 110456.2080418261,31576.554272243928 110456.2080418261,31765.26915167018 
PLINE 110456.2080418261,31765.26915167018 110456.2080418261,37786.64173664972 
PLINE 110456.2080418261,37786.64173664972 110456.2080418261,38015.26915167023 
PLINE 127081.2080418261,27915.26915167023 127081.2080418261,28015.26915167023 
PLINE 127081.2080418261,28015.26915167023 127081.2080418261,31565.26915167023 
PLINE 127081.2080418261,23615.26915167023 127081.2080418261,27565.26915167023 
PLINE 127081.2080418261,27565.26915167023 127081.2080418261,27915.26915167023 
PLINE 120243.7080418256,23165.269151670225 120243.7080418256,23199.832693198405 
PLINE 120243.7080418256,23199.832693198405 120243.7080418256,23327.769151670225 
PLINE 120243.7080418256,23327.769151670225 120243.7080418256,27565.26915167023 
PLINE 120243.7080418256,27565.26915167023 120243.7080418256,27915.26915167023 
PLINE 116956.2080418261,23327.769151670225 116956.2080418261,23365.26915167024 
PLINE 116956.2080418261,23365.26915167024 116956.2080418261,24552.76915167023 
PLINE 116956.2080418261,24552.76915167023 116956.2080418261,25315.26915167022 
PLINE 113756.2080418261,23327.769151670225 113756.2080418261,23393.593489821804 
PLINE 113756.2080418261,23393.593489821804 113756.2080418261,23615.26915167023 
PLINE 113756.2080418261,23615.26915167023 113756.2080418261,24552.76915167023 
PLINE 113756.2080418261,24552.76915167023 113756.2080418261,27015.26915167023 
PLINE 113756.2080418261,27015.26915167023 113756.2080418261,29165.26915167023 
PLINE 116956.2080418261,28813.45349601875 116956.2080418261,29601.70461033388 
PLINE 116956.2080418261,29601.70461033388 116956.2080418261,29615.26915167023 
PLINE 116956.2080418261,26515.26915167023 116956.2080418261,27015.26915167023 
PLINE 116956.2080418261,27015.26915167023 116956.2080418261,27518.46352262527 
PLINE 33031.20804182609,29560.91327013569 33031.20804182609,29602.769151670233 
PLINE 33031.20804182609,29602.769151670233 33031.20804182609,31577.76915167023 
PLINE 33031.20804182609,31577.76915167023 33031.20804182609,31765.26915167023 
PLINE 100556.2080418261,23265.26915167023 100556.2080418261,23393.593489821804 
PLINE 100556.2080418261,23393.593489821804 100556.2080418261,23615.26915167023 
PLINE 100556.2080418261,23615.26915167023 100556.2080418261,29165.26915167023 
PLINE 100556.2080418261,29165.26915167023 100556.2080418261,29515.26915167023 
PLINE 100556.2080418261,29515.26915167023 100556.2080418261,29515.26915167023 
PLINE 108856.2080418261,28715.26915167023 108856.2080418261,28815.26915167023 
PLINE 108856.2080418261,28815.26915167023 108856.2080418261,29601.70461033388 
PLINE 108856.2080418261,29601.70461033388 108856.2080418261,29615.26915167023 
PLINE 109656.2080418261,28615.26915167023 109656.2080418261,28715.26915167023 
PLINE 109656.2080418261,28715.26915167023 109656.2080418261,29415.26915167024 
PLINE 109656.2080418261,29415.26915167024 109656.2080418261,29601.70461033388 
PLINE 41156.20804182609,31634.01915167021 41156.20804182609,31665.269151670185 
PLINE 41156.20804182609,31665.269151670185 41156.20804182609,32015.26915167023 
PLINE 41156.20804182609,32015.26915167023 41156.20804182609,37565.26915167023 
PLINE 41156.20804182609,37565.26915167023 41156.20804182609,37902.76915167023 
PLINE 41156.20804182609,37902.76915167023 41156.20804182609,37915.26915167023 
PLINE 60956.20804182609,23265.26915167023 60956.20804182609,23396.397297105512 
PLINE 60956.20804182609,23396.397297105512 60956.20804182609,23615.26915167023 
PLINE 60956.20804182609,23615.26915167023 60956.20804182609,27415.26915167023 
PLINE 103820.3213092015,33690.26915167023 103820.3213092015,33787.93986031735 
PLINE 103820.3213092015,33787.93986031735 103820.3213092015,38990.26915167024 
PLINE 103820.3213092015,38990.26915167024 103820.3213092015,39090.26915167024 
PLINE 106357.06775332036,33687.19732427602 106357.06775332036,33787.93986031735 
PLINE 106357.06775332036,33787.93986031735 106357.06775332036,33887.19680917835 
PLINE 105218.56961161975,31567.1933298746 105218.56961161975,31664.581094025853 
PLINE 105218.56961161975,31664.581094025853 105218.56961161975,33787.93986031735 
PLINE 105218.56961161975,33787.93986031735 105218.56961161975,33890.26915167023 
PLINE 102406.95006513255,31565.26915167023 102406.95006513255,31665.26915167023 
PLINE 102406.95006513255,31665.26915167023 102406.95006513255,33787.93986031735 
PLINE 102406.95006513255,33787.93986031735 102406.95006513255,33890.26915167023 
PLINE 57257.90537379356,34715.26915167023 57257.90537379356,34815.26915167023 
PLINE 57257.90537379356,34815.26915167023 57257.90537379356,37915.26915167023 
PLINE 57257.90537379356,37915.26915167023 57257.90537379356,38015.26915167023 
PLINE 71256.20804182609,34715.26915167023 71256.20804182609,34815.26915167023 
PLINE 71256.20804182609,34815.26915167023 71256.20804182609,37915.26915167023 
PLINE 71256.20804182609,37915.26915167023 71256.20804182609,38015.26915167023 
PLINE 68964.7455903999,21665.26869133493 69056.20804182609,21665.26869133493 
PLINE 69056.20804182609,21665.26869133493 69148.22073417771,21665.26869133493 
PLINE 69148.22073417771,21665.26869133493 75974.96102313553,21665.26869133493 
PLINE 75974.96102313553,21665.26869133493 76056.20804182609,21665.26869133493 
PLINE 76056.20804182609,21665.26869133493 76139.53865714541,21665.26869133493 
PLINE 33731.20804182609,31634.01915167021 34081.20804182609,31634.01915167021 
PLINE 34081.20804182609,31634.01915167021 37993.70804182609,31634.01915167021 
PLINE 37993.70804182609,31634.01915167021 40931.20804182609,31634.01915167021 
PLINE 40931.20804182609,31634.01915167021 41156.20804182609,31634.01915167021 
PLINE 41156.20804182609,31665.269151670185 41381.20804182609,31665.269151670185 
PLINE 41381.20804182609,31665.269151670185 47531.20804182609,31665.269151670185 
PLINE 47981.20804182609,31665.269151670185 54131.20804182609,31665.269151670185 
PLINE 54131.20804182609,31665.269151670185 54356.20804182609,31665.269151670185 
PLINE 54356.20804182609,31665.269151670185 54581.20804182609,31665.269151670185 
PLINE 54581.20804182609,31665.269151670185 60731.20804182608,31665.269151670185 
PLINE 61181.20804182608,31665.269151670185 67331.20804182607,31665.269151670185 
PLINE 67781.20804182607,31821.30158892157 74156.20804182609,31821.30158892157 
PLINE 74156.20804182609,31821.30158892157 80531.2080418261,31821.30158892157 
PLINE 80981.2080418261,31815.26915167018 84043.70804182609,31815.26915167018 
PLINE 84043.70804182609,31815.26915167018 87356.20804182609,31815.26915167018 
PLINE 87356.20804182609,31815.26915167018 90656.20804182609,31815.26915167018 
PLINE 90656.20804182609,31815.26915167018 93731.20804182607,31815.26915167018 
PLINE 93731.20804182607,31815.26915167018 93956.20804182609,31815.26915167018 
PLINE 93956.20804182609,31665.269151670185 94181.20804182607,31665.269151670185 
PLINE 94181.20804182607,31665.269151670185 97256.20804182609,31665.269151670185 
PLINE 97256.20804182609,31665.269151670185 100331.2080418261,31665.269151670185 
PLINE 100331.2080418261,31665.269151670185 100556.2080418261,31665.269151670185 
PLINE 107381.2080418261,31576.554272243928 110456.2080418261,31576.554272243928 
PLINE 110456.2080418261,31576.554272243928 113754.75441629445,31576.554272243928 
PLINE 113754.75441629445,31576.554272243928 113856.2079301574,31576.554272243928 
PLINE 120256.2080418261,31962.93952144083 120356.2080418261,31962.93952144083 
PLINE 120356.2080418261,31962.93952144083 126731.2080418261,31962.93952144083 
PLINE 126731.2080418261,31962.93952144083 126955.36294163033,31962.93952144083 
PLINE 41157.71577758433,29515.26915167024 41381.20804182609,29515.26915167024 
PLINE 41381.20804182609,29515.26915167024 47531.20804182609,29515.26915167024 
PLINE 47981.20804182609,29389.151812057804 54356.208041826074,29389.151812057804 
PLINE 54356.208041826074,29389.151812057804 60731.20804182608,29389.151812057804 
PLINE 61181.20804182608,29384.596649498308 67556.20804182609,29384.596649498308 
PLINE 67556.20804182609,29384.596649498308 73931.20804182609,29384.596649498308 
PLINE 80981.2080418261,29515.2933337365 87354.86064588829,29515.2933337365 
PLINE 87354.86064588829,29515.2933337365 93731.20804182607,29515.2933337365 
PLINE 94181.20804182607,29515.26915167023 97256.20804182607,29515.26915167023 
PLINE 97256.20804182607,29515.26915167023 100331.2080418261,29515.26915167023 
PLINE 100331.2080418261,29515.26915167023 100556.2080418261,29515.26915167023 
PLINE 100556.2080418261,29515.26915167023 100781.2080418261,29515.26915167023 
PLINE 100781.2080418261,29515.26915167023 103856.2080418261,29515.26915167023 
PLINE 103856.2080418261,29515.26915167023 106931.2080418261,29515.26915167023 
PLINE 106931.2080418261,29515.26915167023 107156.2080418261,29515.26915167023 
PLINE 37756.20804182609,29659.019151670233 37993.70804182609,29659.019151670233 
PLINE 37993.70804182609,29659.019151670233 40931.20804182609,29659.019151670233 
PLINE 100556.2080418261,23393.593489821804 100781.2080418261,23393.593489821804 
PLINE 100781.2080418261,23393.593489821804 103856.2080418261,23393.593489821804 
PLINE 103856.2080418261,23393.593489821804 107156.2080418261,23393.593489821804 
PLINE 107156.2080418261,23393.593489821804 110456.2080418261,23393.593489821804 
PLINE 110456.2080418261,23393.593489821804 113531.2080418261,23393.593489821804 
PLINE 113531.2080418261,23393.593489821804 113756.2080418261,23393.593489821804 
PLINE 94181.20804182607,23265.26915167023 97256.20804182607,23265.26915167023 
PLINE 97256.20804182607,23265.26915167023 100331.2080418261,23265.26915167023 
PLINE 100331.2080418261,23265.26915167023 100556.2080418261,23265.26915167023 
PLINE 87354.86064588829,23265.26915167023 87581.20804182607,23265.26915167023 
PLINE 87581.20804182607,23265.26915167023 93731.20804182607,23265.26915167023 
PLINE 80981.2080418261,23265.26915167023 87131.20804182607,23265.26915167023 
PLINE 87131.20804182607,23265.26915167023 87354.86064588829,23265.26915167023 
PLINE 77274.9582391985,23265.26915167023 77356.20804182609,23265.26915167023 
PLINE 77356.20804182609,23265.26915167023 77472.87457117505,23265.26915167023 
PLINE 77472.87457117505,23265.26915167023 77631.20804182609,23265.26915167023 
PLINE 77631.20804182609,23265.26915167023 80531.2080418261,23265.26915167023 
PLINE 60956.20804182609,23265.26915167023 61181.20804182608,23265.26915167023 
PLINE 61181.20804182608,23265.26915167023 67331.20804182607,23265.26915167023 
PLINE 67331.20804182607,23265.26915167023 67488.97223356078,23265.26915167023 
PLINE 67488.97223356078,23265.26915167023 67556.20804182609,23265.26915167023 
PLINE 67556.20804182609,23265.26915167023 67690.07389030413,23265.26915167023 
PLINE 47981.20804182609,23396.397297105512 54356.208041826074,23396.397297105512 
PLINE 54356.208041826074,23396.397297105512 60731.20804182608,23396.397297105512 
PLINE 60731.20804182608,23396.397297105512 60956.20804182609,23396.397297105512 
PLINE 41157.71577758433,23265.26915167023 41381.20804182609,23265.26915167023 
PLINE 41381.20804182609,23265.26915167023 47531.20804182609,23265.26915167023 
PLINE 37860.3455560969,25754.100227602805 37956.9597077021,25754.100227602805 
PLINE 37956.9597077021,25754.100227602805 41033.58852588532,25754.100227602805 
PLINE 41033.58852588532,25754.100227602805 41157.71577758433,25754.100227602805 
PLINE 33731.20804182609,37902.76915167023 34081.20804182609,37902.76915167023 
PLINE 34081.20804182609,37902.76915167023 37993.70804182609,37902.76915167023 
PLINE 37993.70804182609,37902.76915167023 40931.20804182609,37902.76915167023 
PLINE 40931.20804182609,37902.76915167023 41156.20804182609,37902.76915167023 
PLINE 41156.20804182609,37915.26915167023 41381.20804182609,37915.26915167023 
PLINE 41381.20804182609,37915.26915167023 47531.20804182609,37915.26915167023 
PLINE 47981.20804182609,37915.26915167023 54131.20804182609,37915.26915167023 
PLINE 54131.20804182609,37915.26915167023 54356.20804182609,37915.26915167023 
PLINE 54356.20804182609,37915.26915167023 54581.20804182609,37915.26915167023 
PLINE 54581.20804182609,37915.26915167023 57257.90537379356,37915.26915167023 
PLINE 57257.90537379356,37915.26915167023 60731.20804182608,37915.26915167023 
PLINE 61181.20804182608,37915.26915167023 64271.114060238615,37915.26915167023 
PLINE 64271.114060238615,37915.26915167023 67331.20804182607,37915.26915167023 
PLINE 67781.20804182607,37915.26915167023 71256.20804182609,37915.26915167023 
PLINE 71256.20804182609,37915.26915167023 73931.20804182609,37915.26915167023 
PLINE 73931.20804182609,37915.26915167023 74156.20804182609,37915.26915167023 
PLINE 74156.20804182609,37915.26915167023 74381.20804182609,37915.26915167023 
PLINE 74381.20804182609,37915.26915167023 80531.2080418261,37915.26915167023 
PLINE 80981.2080418261,37786.88649146476 84043.70804182609,37786.88649146476 
PLINE 84043.70804182609,37786.88649146476 87356.20804182609,37786.88649146476 
PLINE 87356.20804182609,37786.88649146476 90656.20804182609,37786.88649146476 
PLINE 90656.20804182609,37786.88649146476 93956.20804182609,37786.88649146476 
PLINE 93956.20804182609,37786.88649146476 97256.20804182609,37786.88649146476 
PLINE 97256.20804182609,37786.88649146476 100331.2080418261,37786.88649146476 
PLINE 100331.2080418261,37786.88649146476 100390.58542165677,37786.88649146476 
PLINE 100390.58542165677,37786.88649146476 100556.2080418261,37786.88649146476 
PLINE 107156.09456308291,37786.64173664972 107321.49114014661,37786.64173664972 
PLINE 107321.49114014661,37786.64173664972 107381.2080418261,37786.64173664972 
PLINE 107381.2080418261,37786.64173664972 110456.2080418261,37786.64173664972 
PLINE 110456.2080418261,37786.64173664972 113754.75441629445,37786.64173664972 
PLINE 113754.75441629445,37786.64173664972 120356.2080418261,37786.64173664972 
PLINE 120356.2080418261,37786.64173664972 126730.4572696426,37786.64173664972 
PLINE 67556.20804182609,26390.26915167024 67656.20804182609,26390.26915167024 
PLINE 67656.20804182609,26390.26915167024 77356.20804182609,26390.26915167024 
PLINE 77356.20804182609,26390.26915167024 77631.20804182609,26390.26915167024 
PLINE 77356.20804182609,29515.269151670233 77631.20804182609,29515.269151670233 
PLINE 77631.20804182609,29515.269151670233 80531.2080418261,29515.269151670233 
PLINE 108756.2080418261,29601.70461033388 108856.2080418261,29601.70461033388 
PLINE 108856.2080418261,29601.70461033388 109656.2080418261,29601.70461033388 
PLINE 109656.2080418261,29601.70461033388 110456.2080418261,29601.70461033388 
PLINE 110456.2080418261,29601.70461033388 113754.75441629445,29601.70461033388 
PLINE 113754.75441629445,29601.70461033388 116956.2080418261,29601.70461033388 
PLINE 116956.2080418261,29601.70461033388 117056.2080418261,29601.70461033388 
PLINE 127181.2080418261,37915.26915167023 130060.38446661652,37915.26915167023 
PLINE 130060.38446661652,37915.26915167023 133057.2856048159,37915.26915167023 
PLINE 133057.2856048159,37915.26915167023 133482.6454420737,37915.26915167023 
PLINE 120243.7080418256,27915.26915167023 120581.2080418261,27915.26915167023 
PLINE 120581.2080418261,27915.26915167023 126731.2080418261,27915.26915167023 
PLINE 126731.2080418261,27915.26915167023 127081.2080418261,27915.26915167023 
PLINE 127081.2080418261,27915.26915167023 127081.2080418261,27915.26915167023 
PLINE 113756.2080418261,23327.769151670225 113981.2080418261,23327.769151670225 
PLINE 113981.2080418261,23327.769151670225 116956.2080418261,23327.769151670225 
PLINE 116956.2080418261,23327.769151670225 120097.04917479694,23327.769151670225 
PLINE 120097.04917479694,23327.769151670225 120131.2080418251,23327.769151670225 
PLINE 120131.2080418251,23327.769151670225 120243.7080418256,23327.769151670225 
PLINE 113756.2080418261,24552.76915167023 113856.2080418261,24552.76915167023 
PLINE 113856.2080418261,24552.76915167023 116956.2080418261,24552.76915167023 
PLINE 116956.2080418261,24552.76915167023 117056.2080418261,24552.76915167023 
PLINE 113756.2080418261,27015.26915167023 113856.2080418261,27015.26915167023 
PLINE 113856.2080418261,27015.26915167023 116856.2080418261,27015.26915167023 
PLINE 116856.2080418261,27015.26915167023 116956.2080418261,27015.26915167023 
PLINE 31431.20804182609,31577.76915167023 33031.20804182609,31577.76915167023 
PLINE 33031.20804182609,31577.76915167023 33131.20804182609,31577.76915167023 
PLINE 31431.20804182609,29602.769151670233 33031.20804182609,29602.769151670233 
PLINE 33031.20804182609,29602.769151670233 33131.20804182609,29602.769151670233 
PLINE 107156.2080418261,28715.26915167023 107256.2080418261,28715.26915167023 
PLINE 107256.2080418261,28715.26915167023 108856.2080418261,28715.26915167023 
PLINE 108856.2080418261,28715.26915167023 109656.2080418261,28715.26915167023 
PLINE 109656.2080418261,28715.26915167023 109756.2080418261,28715.26915167023 
PLINE 101554.96689297578,39090.26915167024 101756.2080418261,39090.26915167024 
PLINE 101756.2080418261,39090.26915167024 101795.45199291683,39090.26915167024 
PLINE 101795.45199291683,39090.26915167024 103820.3213092015,39090.26915167024 
PLINE 103820.3213092015,39090.26915167024 105921.57380949896,39090.26915167024 
PLINE 105921.57380949896,39090.26915167024 105960.9247471775,39090.26915167024 
PLINE 105960.9247471775,39090.26915167024 106157.59832398043,39090.26915167024 
PLINE 100556.2080418261,33787.93986031735 100656.2080418261,33787.93986031735 
PLINE 100656.2080418261,33787.93986031735 102406.95006513255,33787.93986031735 
PLINE 102406.95006513255,33787.93986031735 103820.3213092015,33787.93986031735 
PLINE 103820.3213092015,33787.93986031735 105218.56961161975,33787.93986031735 
PLINE 105218.56961161975,33787.93986031735 106357.06775332036,33787.93986031735 
PLINE 106357.06775332036,33787.93986031735 107056.4349993124,33787.93986031735 
PLINE 107056.4349993124,33787.93986031735 107156.09456308291,33787.93986031735 
PLINE 100556.2080418261,31665.26915167023 100781.2080418261,31665.26915167023 
PLINE 100781.2080418261,31665.26915167023 102406.95006513255,31665.26915167023 
PLINE 102406.95006513255,31665.26915167023 102565.3928059933,31665.26915167023 
PLINE 105153.9603239197,31664.581094025853 105218.56961161975,31664.581094025853 
PLINE 105218.56961161975,31664.581094025853 106931.2080418261,31664.581094025853 
PLINE 106931.2080418261,31664.581094025853 107156.09456308291,31664.581094025853 
PLINE 57056.20804182609,34815.26915167023 57257.90537379356,34815.26915167023 
PLINE 57257.90537379356,34815.26915167023 57456.09495251389,34815.26915167023 
PLINE 54356.20804182609,34815.26915167023 54456.20804182609,34815.26915167023 
PLINE 54456.20804182609,34815.26915167023 56056.20804182609,34815.26915167023 
PLINE 71056.20804182609,34815.26915167023 71256.20804182609,34815.26915167023 
PLINE 71256.20804182609,34815.26915167023 71456.20804182609,34815.26915167023 
PLINE 72456.20804182609,34815.26915167023 74056.20804182609,34815.26915167023 
PLINE 74056.20804182609,34815.26915167023 74156.20804182609,34815.26915167023 
PLINE 67556.20804182609,23412.157937314798 67690.07389030413,23265.26915167023 
PLINE 67690.07389030413,23265.26915167023 67781.20804182606,23165.26915167024 
PLINE 67781.20804182606,23165.26915167024 69057.08970526939,21765.26526494256 
PLINE 69057.08970526939,21765.26526494256 69148.22073417771,21665.26869133493 
PLINE 67488.97223356078,23265.26915167023 67581.20804182609,23165.26915167024 
PLINE 67581.20804182609,23165.26915167024 68964.7455903999,21665.26869133493 
PLINE 68964.7455903999,21665.26869133493 69056.97823830452,21565.2721177273 
PLINE 33031.20804182609,23339.90491063296 33228.89864925557,23167.82527081404 
PLINE 33228.89864925557,23167.82527081404 35632.573899862815,21075.547965663398 
PLINE 35632.573899862815,21075.547965663398 37859.37198186744,19137.233258235996 
PLINE 37859.37198186744,19137.233258235996 38117.03798481263,18912.9480807209 
PLINE 120097.04917479694,23327.769151670225 120243.7080418256,23199.832693198405 
PLINE 120243.7080418256,23199.832693198405 120283.32966260178,23165.26915167024 
PLINE 120283.32966260178,23165.26915167024 123656.2080418261,20222.970991070353 
PLINE 123656.2080418261,20222.970991070353 123808.32966260184,20090.26915167024 
PLINE 125068.3990630923,21587.584146894213 125134.13593829132,21512.227241178305 
PLINE 125134.13593829132,21512.227241178305 125199.87281349029,21436.87033546242 
PLINE 126876.9648002739,23165.26915166958 126942.70167547282,23089.912245953718 
PLINE 126942.70167547282,23089.912245953718 127008.4385506718,23014.55534023779 
PLINE 36580.26104595405,22103.13701955328 36615.78050006907,22067.94656091216 
PLINE 36615.78050006907,22067.94656091216 36651.299954184076,22032.75610227106 
PLINE 35663.32592110919,21392.74793725311 35806.39995132349,21250.999116266976 
PLINE 35806.39995132349,21250.999116266976 35949.47398153778,21109.25029528084 
PLINE 130060.38446661652,37915.26915167023 130155.85961982128,37815.26915167023 
PLINE 130155.85961982128,37815.26915167023 130712.98609881072,37231.738819129474 
PLINE 130712.98609881072,37231.738819129474 131505.56855396673,36401.593562953465 
PLINE 131505.56855396673,36401.593562953465 131576.1154011587,36327.70329430874 
PLINE 105814.18750306529,39190.26915167024 105921.57380949896,39090.26915167024 
PLINE 105921.57380949896,39090.26915167024 106047.98170655947,38972.55591498439 
PLINE 106047.98170655947,38972.55591498439 106926.174346067,38154.76762458468 
PLINE 106926.174346067,38154.76762458468 107077.94528593747,38013.43588042588 
PLINE 107077.94528593747,38013.43588042588 107094.51829582712,37998.00280479449 
PLINE 107094.51829582712,37998.00280479449 107156.09456308291,37940.661911620366 
PLINE 107156.09456308291,37940.661911620366 107321.49114014661,37786.64173664972 
PLINE 101554.96689297578,39090.26915167024 101598.1973227888,39043.67271644074 
PLINE 101598.1973227888,39043.67271644074 101666.2105859813,38970.36380818322 
PLINE 101666.2105859813,38970.36380818322 101734.22384917378,38897.05489992571 
PLINE 100718.4904236986,38227.51355813085 100786.5036868911,38154.20464987334 
PLINE 100786.5036868911,38154.20464987334 100854.5169500836,38080.8957416158 
PLINE 75974.96102313553,21665.26869133493 76056.20804182609,21765.26526494256 
PLINE 76056.20804182609,21765.26526494256 77274.9582391985,23265.26915167023 
PLINE 77274.9582391985,23265.26915167023 77356.2080418261,23365.26915167023 
PLINE 76056.20804182609,21565.2721177273 76139.53865714541,21665.26869133493 
PLINE 76139.53865714541,21665.26869133493 77389.54110052405,23165.26915167024 
PLINE 77389.54110052405,23165.26915167024 77472.87457117505,23265.26915167023 
PLINE 77472.87457117505,23265.26915167023 77631.20804182609,23455.269003367415 
PLINE 126718.48614279088,31731.8699280891 126955.36294163033,31962.93952144083 
PLINE 126955.36294163033,31962.93952144083 131505.56855396673,36401.593562953465 
PLINE 131505.56855396673,36401.593562953465 133057.2856048159,37915.26915167023 
PLINE 133057.2856048159,37915.26915167023 133159.79878943856,38015.26915167023 
PLINE 123504.08642105038,20090.26915167024 123656.2080418261,20222.970991070353 
PLINE 123656.2080418261,20222.970991070353 125134.13593829132,21512.227241178305 
PLINE 125134.13593829132,21512.227241178305 126942.70167547282,23089.912245953718 
PLINE 126942.70167547282,23089.912245953718 127029.0864210503,23165.26915167024 
PLINE 35632.573899862815,21075.547965663398 35665.96406494451,21109.25029528084 
PLINE 35665.96406494451,21109.25029528084 35806.39995132349,21250.999116266976 
PLINE 35806.39995132349,21250.999116266976 36615.78050006907,22067.94656091216 
PLINE 36615.78050006907,22067.94656091216 37702.93924752607,23165.26915167024 
PLINE 37702.93924752607,23165.26915167024 37859.37198186744,23323.164375094027 
PLINE 37859.37198186744,23323.164375094027 37860.3455560969,23324.14705126553 
PLINE 130676.82204408429,37197.21113247434 130712.98609881072,37231.738819129474 
PLINE 130712.98609881072,37231.738819129474 130749.15015353699,37266.26650578443 
PLINE 105979.8326823597,38899.37319502568 106047.98170655947,38972.55591498439 
PLINE 106047.98170655947,38972.55591498439 106116.1307307597,39045.73863494357 
PLINE 106116.1307307597,39045.73863494357 106157.59832398043,39090.26915167024 
PLINE 106780.19221389723,37998.00280479449 106858.0253218671,38081.58490462585 
PLINE 106858.0253218671,38081.58490462585 106926.174346067,38154.76762458468 
PLINE 106926.174346067,38154.76762458468 106994.32337026708,38227.950344543744 
PLINE 100390.58542165677,37786.88649146476 100528.9642056922,37915.26915167023 
PLINE 100528.9642056922,37915.26915167023 100556.2080418261,37940.54496386536 
PLINE 100556.2080418261,37940.54496386536 100634.17789607788,38012.88247842332 
PLINE 100634.17789607788,38012.88247842332 100786.5036868911,38154.20464987334 
PLINE 100786.5036868911,38154.20464987334 101666.2105859813,38970.36380818322 
PLINE 101666.2105859813,38970.36380818322 101795.45199291683,39090.26915167024 
PLINE 101795.45199291683,39090.26915167024 101903.23818757424,39190.26915167024 
