1,room,1-1,1-1,10959,9168,10959,9260,10959,9260,7652,9260,7652,9260,7652,3026,7652,3026,10959,3026,10959,3026,10959,9168,
2,room,1-2,1-2,4359,9168,4359,9260,4359,9260,1068,9260,1068,9260,1068,3026,1068,3026,4359,3026,4359,3026,4359,9168,
3,room,1-3,1-3,10959,11425,10959,11518,10959,11518,10959,17661,10959,17661,14245,17661,14245,17661,14245,11425,14245,11425,10959,11425,
4,room,1-4,1-4,14245,17661,20859,17661,20859,17661,20859,11449,20859,11449,27507,11449,27569,11449,27569,7643,27569,7643,20758,7643,20758,7643,20758,3026,20663,3026,17466,3026,17466,3026,14245,3026,14245,3026,14245,4361,14245,4361,14245,6768,14245,6768,14245,9260,14245,9260,14245,11425,14245,11425,14245,17661,
5,room,1-5,1-5,4359,3026,7652,3026,7652,3026,7652,9260,7652,9260,4359,9260,4359,9168,4359,3026,
6,room,1-6,1-6,10959,3026,14245,3026,14245,3026,14245,4361,14245,4361,14245,6768,14245,6768,14245,9260,14245,9260,10959,9260,10959,9168,10959,3026,
7,room,1-7,1-7,14245,4361,14359,4361,14359,4361,17466,4361,17466,4361,17466,3118,17466,3026,14245,3026,14245,3026,14245,4361,
8,room,1-8,1-8,1068,13544,1159,13544,1159,13544,2968,13544,2968,13544,2968,11440,2968,11440,1068,11440,1068,11440,1068,13544,
9,room,1-9,1-9,7560,13544,7681,13544,7681,13544,7681,11425,7681,11425,5750,11425,5750,11425,5750,13544,5750,13544,7560,13544,
10,room,1-10,1-10,27507,11449,27543,11485,27569,11511,33737,17661,33737,17661,27120,17661,27120,17661,20859,17661,20859,17661,20859,11449,20859,11449,27507,11449,
11,room,1-11,1-11,1068,17701,1137,17766,1137,17766,2303,18847,2303,18847,4355,18847,4355,18743,4355,13544,4355,13544,2968,13544,2968,13544,1159,13544,1068,13544,1068,17701,
12,room,1-12,1-12,20758,2943,20787,2918,20787,2918,24159,-23,24159,-23,27532,2918,27569,2950,27569,7643,27569,7643,20758,7643,20758,7643,20758,3026,
13,room,1-13,1-13,7581,17766,7681,17673,7681,17661,7681,13544,7560,13544,5750,13544,5750,13544,4355,13544,4355,13544,4355,18743,4355,18847,6420,18847,6420,18847,7581,17766,
14,room,1-14,1-14,7681,17673,7694,17661,7694,17661,10959,17661,10959,17661,10959,11518,10959,11425,7681,11425,7681,11425,7681,13544,7681,13544,7681,17661,
